H            0  1  0  0  0  0  0  0  0  0  0  0  0  0  0
D            0  0  0  0  0  0  0  0  0  0  0  0  0  0  1
C            0  0  0  1  0  0  0  0  0  0  0  0  0  0  0
Fe           0  0  0  0  0  0  0  0  1  0  0  0  0  0  0
Mg           0  0  0  0  0  0  0  0  0  0  1  0  0  0  0
S            0  0  0  0  0  0  0  1  0  0  0  0  0  0  0
Si           0  0  0  0  0  0  1  0  0  0  0  0  0  0  0
O            0  0  0  0  0  1  0  0  0  0  0  0  0  0  0
N            0  0  0  0  1  0  0  0  0  0  0  0  0  0  0
He           0  0  1  0  0  0  0  0  0  0  0  0  0  0  0
Cl           0  0  0  0  0  0  0  0  0  0  0  1  0  0  0
Na           0  0  0  0  0  0  0  0  0  1  0  0  0  0  0
P            0  0  0  0  0  0  0  0  0  0  0  0  1  0  0
F            0  0  0  0  0  0  0  0  0  0  0  0  0  1  0
OH           0  1  0  0  0  1  0  0  0  0  0  0  0  0  0
OD           0  0  0  0  0  1  0  0  0  0  0  0  0  0  1
CO           0  0  0  1  0  1  0  0  0  0  0  0  0  0  0
CS           0  0  0  1  0  0  0  1  0  0  0  0  0  0  0
HS           0  1  0  0  0  0  0  1  0  0  0  0  0  0  0
DS           0  0  0  0  0  0  0  1  0  0  0  0  0  0  1
N2           0  0  0  0  2  0  0  0  0  0  0  0  0  0  0
NH           0  1  0  0  1  0  0  0  0  0  0  0  0  0  0
ND           0  0  0  0  1  0  0  0  0  0  0  0  0  0  1
SiH          0  1  0  0  0  0  1  0  0  0  0  0  0  0  0
SiD          0  0  0  0  0  0  1  0  0  0  0  0  0  0  1
SiO          0  0  0  0  0  1  1  0  0  0  0  0  0  0  0
SO           0  0  0  0  0  1  0  1  0  0  0  0  0  0  0
CH           0  1  0  1  0  0  0  0  0  0  0  0  0  0  0
CD           0  0  0  1  0  0  0  0  0  0  0  0  0  0  1
O2           0  0  0  0  0  2  0  0  0  0  0  0  0  0  0
oH2          0  2  0  0  0  0  0  0  0  0  0  0  0  0  0
pH2          0  2  0  0  0  0  0  0  0  0  0  0  0  0  0
oD2          0  0  0  0  0  0  0  0  0  0  0  0  0  0  2
pD2          0  0  0  0  0  0  0  0  0  0  0  0  0  0  2
HD           0  1  0  0  0  0  0  0  0  0  0  0  0  0  1
C2           0  0  0  2  0  0  0  0  0  0  0  0  0  0  0
CN           0  0  0  1  1  0  0  0  0  0  0  0  0  0  0
MgH          0  1  0  0  0  0  0  0  0  0  1  0  0  0  0
MgD          0  0  0  0  0  0  0  0  0  0  1  0  0  0  1
NaH          0  1  0  0  0  0  0  0  0  1  0  0  0  0  0
NaD          0  0  0  0  0  0  0  0  0  1  0  0  0  0  1
NO           0  0  0  0  1  1  0  0  0  0  0  0  0  0  0
NS           0  0  0  0  1  0  0  1  0  0  0  0  0  0  0
PH           0  1  0  0  0  0  0  0  0  0  0  0  1  0  0
PD           0  0  0  0  0  0  0  0  0  0  0  0  1  0  1
PN           0  0  0  0  1  0  0  0  0  0  0  0  1  0  0
PO           0  0  0  0  0  1  0  0  0  0  0  0  1  0  0
S2           0  0  0  0  0  0  0  2  0  0  0  0  0  0  0
SiC          0  0  0  1  0  0  1  0  0  0  0  0  0  0  0
SiN          0  0  0  0  1  0  1  0  0  0  0  0  0  0  0
SiS          0  0  0  0  0  0  1  1  0  0  0  0  0  0  0
CCl          0  0  0  1  0  0  0  0  0  0  0  1  0  0  0
ClO          0  0  0  0  0  1  0  0  0  0  0  1  0  0  0
CP           0  0  0  1  0  0  0  0  0  0  0  0  1  0  0
HCl          0  1  0  0  0  0  0  0  0  0  0  1  0  0  0
DCl          0  0  0  0  0  0  0  0  0  0  0  1  0  0  1
HF           0  1  0  0  0  0  0  0  0  0  0  0  0  1  0
DF           0  0  0  0  0  0  0  0  0  0  0  0  0  1  1
CCH          0  1  0  2  0  0  0  0  0  0  0  0  0  0  0
CCD          0  0  0  2  0  0  0  0  0  0  0  0  0  0  1
C3           0  0  0  3  0  0  0  0  0  0  0  0  0  0  0
CH2          0  2  0  1  0  0  0  0  0  0  0  0  0  0  0
CHD          0  1  0  1  0  0  0  0  0  0  0  0  0  0  1
CD2          0  0  0  1  0  0  0  0  0  0  0  0  0  0  2
SO2          0  0  0  0  0  2  0  1  0  0  0  0  0  0  0
H2O          0  2  0  0  0  1  0  0  0  0  0  0  0  0  0
HDO          0  1  0  0  0  1  0  0  0  0  0  0  0  0  1
D2O          0  0  0  0  0  1  0  0  0  0  0  0  0  0  2
HCN          0  1  0  1  1  0  0  0  0  0  0  0  0  0  0
DCN          0  0  0  1  1  0  0  0  0  0  0  0  0  0  1
HCSi         0  1  0  1  0  0  1  0  0  0  0  0  0  0  0
DCSi         0  0  0  1  0  0  1  0  0  0  0  0  0  0  1
CCN          0  0  0  2  1  0  0  0  0  0  0  0  0  0  0
CCS          0  0  0  2  0  0  0  1  0  0  0  0  0  0  0
CCO          0  0  0  2  0  1  0  0  0  0  0  0  0  0  0
CCP          0  0  0  2  0  0  0  0  0  0  0  0  1  0  0
CO2          0  0  0  1  0  2  0  0  0  0  0  0  0  0  0
H2S          0  2  0  0  0  0  0  1  0  0  0  0  0  0  0
HDS          0  1  0  0  0  0  0  1  0  0  0  0  0  0  1
D2S          0  0  0  0  0  0  0  1  0  0  0  0  0  0  2
HCO          0  1  0  1  0  1  0  0  0  0  0  0  0  0  0
DCO          0  0  0  1  0  1  0  0  0  0  0  0  0  0  1
HCP          0  1  0  1  0  0  0  0  0  0  0  0  1  0  0
DCP          0  0  0  1  0  0  0  0  0  0  0  0  1  0  1
HCS          0  1  0  1  0  0  0  1  0  0  0  0  0  0  0
DCS          0  0  0  1  0  0  0  1  0  0  0  0  0  0  1
HNC          0  1  0  1  1  0  0  0  0  0  0  0  0  0  0
DNC          0  0  0  1  1  0  0  0  0  0  0  0  0  0  1
HNO          0  1  0  0  1  1  0  0  0  0  0  0  0  0  0
DNO          0  0  0  0  1  1  0  0  0  0  0  0  0  0  1
HNSi         0  1  0  0  1  0  1  0  0  0  0  0  0  0  0
DNSi         0  0  0  0  1  0  1  0  0  0  0  0  0  0  1
HPO          0  1  0  0  0  1  0  0  0  0  0  0  1  0  0
DPO          0  0  0  0  0  1  0  0  0  0  0  0  1  0  1
HSS          0  1  0  0  0  0  0  2  0  0  0  0  0  0  0
DSS          0  0  0  0  0  0  0  2  0  0  0  0  0  0  1
N2O          0  0  0  0  2  1  0  0  0  0  0  0  0  0  0
NaOH         0  1  0  0  0  1  0  0  0  1  0  0  0  0  0
NaOD         0  0  0  0  0  1  0  0  0  1  0  0  0  0  1
NH2          0  2  0  0  1  0  0  0  0  0  0  0  0  0  0
NHD          0  1  0  0  1  0  0  0  0  0  0  0  0  0  1
ND2          0  0  0  0  1  0  0  0  0  0  0  0  0  0  2
NO2          0  0  0  0  1  2  0  0  0  0  0  0  0  0  0
O2H          0  1  0  0  0  2  0  0  0  0  0  0  0  0  0
O2D          0  0  0  0  0  2  0  0  0  0  0  0  0  0  1
OCN          0  0  0  1  1  1  0  0  0  0  0  0  0  0  0
OCS          0  0  0  1  0  1  0  1  0  0  0  0  0  0  0
PH2          0  2  0  0  0  0  0  0  0  0  0  0  1  0  0
PHD          0  1  0  0  0  0  0  0  0  0  0  0  1  0  1
PD2          0  0  0  0  0  0  0  0  0  0  0  0  1  0  2
c-SiC2       0  0  0  2  0  0  1  0  0  0  0  0  0  0  0
SiH2         0  2  0  0  0  0  1  0  0  0  0  0  0  0  0
SiHD         0  1  0  0  0  0  1  0  0  0  0  0  0  0  1
SiD2         0  0  0  0  0  0  1  0  0  0  0  0  0  0  2
SiNC         0  0  0  1  1  0  1  0  0  0  0  0  0  0  0
SiO2         0  0  0  0  0  2  1  0  0  0  0  0  0  0  0
C4           0  0  0  4  0  0  0  0  0  0  0  0  0  0  0
c-C3H        0  1  0  3  0  0  0  0  0  0  0  0  0  0  0
c-C3D        0  0  0  3  0  0  0  0  0  0  0  0  0  0  1
l-C3H        0  1  0  3  0  0  0  0  0  0  0  0  0  0  0
l-C3D        0  0  0  3  0  0  0  0  0  0  0  0  0  0  1
CH3          0  3  0  1  0  0  0  0  0  0  0  0  0  0  0
CH2D         0  2  0  1  0  0  0  0  0  0  0  0  0  0  1
CHD2         0  1  0  1  0  0  0  0  0  0  0  0  0  0  2
CD3          0  0  0  1  0  0  0  0  0  0  0  0  0  0  3
C2H2         0  2  0  2  0  0  0  0  0  0  0  0  0  0  0
C2HD         0  1  0  2  0  0  0  0  0  0  0  0  0  0  1
C2D2         0  0  0  2  0  0  0  0  0  0  0  0  0  0  2
NH3          0  3  0  0  1  0  0  0  0  0  0  0  0  0  0
NH2D         0  2  0  0  1  0  0  0  0  0  0  0  0  0  1
NHD2         0  1  0  0  1  0  0  0  0  0  0  0  0  0  2
ND3          0  0  0  0  1  0  0  0  0  0  0  0  0  0  3
SiCH2        0  2  0  1  0  0  1  0  0  0  0  0  0  0  0
SiCHD        0  1  0  1  0  0  1  0  0  0  0  0  0  0  1
SiCD2        0  0  0  1  0  0  1  0  0  0  0  0  0  0  2
C3N          0  0  0  3  1  0  0  0  0  0  0  0  0  0  0
C3O          0  0  0  3  0  1  0  0  0  0  0  0  0  0  0
C3P          0  0  0  3  0  0  0  0  0  0  0  0  1  0  0
C3S          0  0  0  3  0  0  0  1  0  0  0  0  0  0  0
H2CO         0  2  0  1  0  1  0  0  0  0  0  0  0  0  0
HDCO         0  1  0  1  0  1  0  0  0  0  0  0  0  0  1
D2CO         0  0  0  1  0  1  0  0  0  0  0  0  0  0  2
H2CS         0  2  0  1  0  0  0  1  0  0  0  0  0  0  0
HDCS         0  1  0  1  0  0  0  1  0  0  0  0  0  0  1
D2CS         0  0  0  1  0  0  0  1  0  0  0  0  0  0  2
HOOH         0  2  0  0  0  2  0  0  0  0  0  0  0  0  0
HOOD         0  1  0  0  0  2  0  0  0  0  0  0  0  0  1
DOOH         0  1  0  0  0  2  0  0  0  0  0  0  0  0  1
DOOD         0  0  0  0  0  2  0  0  0  0  0  0  0  0  2
HSSH         0  2  0  0  0  0  0  2  0  0  0  0  0  0  0
HSSD         0  1  0  0  0  0  0  2  0  0  0  0  0  0  1
DSSH         0  1  0  0  0  0  0  2  0  0  0  0  0  0  1
DSSD         0  0  0  0  0  0  0  2  0  0  0  0  0  0  2
H2SiO        0  2  0  0  0  1  1  0  0  0  0  0  0  0  0
HDSiO        0  1  0  0  0  1  1  0  0  0  0  0  0  0  1
D2SiO        0  0  0  0  0  1  1  0  0  0  0  0  0  0  2
HCCP         0  1  0  2  0  0  0  0  0  0  0  0  1  0  0
DCCP         0  0  0  2  0  0  0  0  0  0  0  0  1  0  1
HCCSi        0  1  0  2  0  0  1  0  0  0  0  0  0  0  0
DCCSi        0  0  0  2  0  0  1  0  0  0  0  0  0  0  1
l-SiC3       0  0  0  3  0  0  1  0  0  0  0  0  0  0  0
SiH3         0  3  0  0  0  0  1  0  0  0  0  0  0  0  0
SiH2D        0  2  0  0  0  0  1  0  0  0  0  0  0  0  1
SiHD2        0  1  0  0  0  0  1  0  0  0  0  0  0  0  2
SiD3         0  0  0  0  0  0  1  0  0  0  0  0  0  0  3
H2CN         0  2  0  1  1  0  0  0  0  0  0  0  0  0  0
HDCN         0  1  0  1  1  0  0  0  0  0  0  0  0  0  1
D2CN         0  0  0  1  1  0  0  0  0  0  0  0  0  0  2
C5           0  0  0  5  0  0  0  0  0  0  0  0  0  0  0
c-C3H2       0  2  0  3  0  0  0  0  0  0  0  0  0  0  0
c-C3HD       0  1  0  3  0  0  0  0  0  0  0  0  0  0  1
c-C3D2       0  0  0  3  0  0  0  0  0  0  0  0  0  0  2
l-C3H2       0  2  0  3  0  0  0  0  0  0  0  0  0  0  0
l-C3HD       0  1  0  3  0  0  0  0  0  0  0  0  0  0  1
l-C3D2       0  0  0  3  0  0  0  0  0  0  0  0  0  0  2
C4H          0  1  0  4  0  0  0  0  0  0  0  0  0  0  0
C4D          0  0  0  4  0  0  0  0  0  0  0  0  0  0  1
CH4          0  4  0  1  0  0  0  0  0  0  0  0  0  0  0
CH3D         0  3  0  1  0  0  0  0  0  0  0  0  0  0  1
CH2D2        0  2  0  1  0  0  0  0  0  0  0  0  0  0  2
CHD3         0  1  0  1  0  0  0  0  0  0  0  0  0  0  3
CD4          0  0  0  1  0  0  0  0  0  0  0  0  0  0  4
HC3N         0  1  0  3  1  0  0  0  0  0  0  0  0  0  0
DC3N         0  0  0  3  1  0  0  0  0  0  0  0  0  0  1
H2CCN        0  2  0  2  1  0  0  0  0  0  0  0  0  0  0
HDCCN        0  1  0  2  1  0  0  0  0  0  0  0  0  0  1
D2CCN        0  0  0  2  1  0  0  0  0  0  0  0  0  0  2
H2CCO        0  2  0  2  0  1  0  0  0  0  0  0  0  0  0
HDCCO        0  1  0  2  0  1  0  0  0  0  0  0  0  0  1
D2CCO        0  0  0  2  0  1  0  0  0  0  0  0  0  0  2
C2H3         0  3  0  2  0  0  0  0  0  0  0  0  0  0  0
C2HD2        0  1  0  2  0  0  0  0  0  0  0  0  0  0  2
C2H2D        0  2  0  2  0  0  0  0  0  0  0  0  0  0  1
C2D3         0  0  0  2  0  0  0  0  0  0  0  0  0  0  3
C4N          0  0  0  4  1  0  0  0  0  0  0  0  0  0  0
C4P          0  0  0  4  0  0  0  0  0  0  0  0  1  0  0
C4S          0  0  0  4  0  0  0  1  0  0  0  0  0  0  0
HCOOH        0  2  0  1  0  2  0  0  0  0  0  0  0  0  0
DCOOH        0  1  0  1  0  2  0  0  0  0  0  0  0  0  1
HCOOD        0  1  0  1  0  2  0  0  0  0  0  0  0  0  1
DCOOD        0  0  0  1  0  2  0  0  0  0  0  0  0  0  2
CH2PH        0  3  0  1  0  0  0  0  0  0  0  0  1  0  0
CH2PD        0  2  0  1  0  0  0  0  0  0  0  0  1  0  1
CHDPD        0  1  0  1  0  0  0  0  0  0  0  0  1  0  2
CHDPH        0  2  0  1  0  0  0  0  0  0  0  0  1  0  1
CD2PD        0  0  0  1  0  0  0  0  0  0  0  0  1  0  3
CD2PH        0  1  0  1  0  0  0  0  0  0  0  0  1  0  2
CH2NH        0  3  0  1  1  0  0  0  0  0  0  0  0  0  0
CH2ND        0  2  0  1  1  0  0  0  0  0  0  0  0  0  1
CHDND        0  1  0  1  1  0  0  0  0  0  0  0  0  0  2
CHDNH        0  2  0  1  1  0  0  0  0  0  0  0  0  0  1
CD2ND        0  0  0  1  1  0  0  0  0  0  0  0  0  0  3
CD2NH        0  1  0  1  1  0  0  0  0  0  0  0  0  0  2
c-HCCHSi     0  2  0  2  0  0  1  0  0  0  0  0  0  0  0
c-HCCDSi     0  1  0  2  0  0  1  0  0  0  0  0  0  0  1
c-DCCHSi     0  1  0  2  0  0  1  0  0  0  0  0  0  0  1
c-DCCDSi     0  0  0  2  0  0  1  0  0  0  0  0  0  0  2
SiC3H        0  1  0  3  0  0  1  0  0  0  0  0  0  0  0
SiC3D        0  0  0  3  0  0  1  0  0  0  0  0  0  0  1
SiC4         0  0  0  4  0  0  1  0  0  0  0  0  0  0  0
SiCH3        0  3  0  1  0  0  1  0  0  0  0  0  0  0  0
SiCH2D       0  2  0  1  0  0  1  0  0  0  0  0  0  0  1
SiCHD2       0  1  0  1  0  0  1  0  0  0  0  0  0  0  2
SiCD3        0  0  0  1  0  0  1  0  0  0  0  0  0  0  3
SiH4         0  4  0  0  0  0  1  0  0  0  0  0  0  0  0
SiH3D        0  3  0  0  0  0  1  0  0  0  0  0  0  0  1
SiH2D2       0  2  0  0  0  0  1  0  0  0  0  0  0  0  2
SiHD3        0  1  0  0  0  0  1  0  0  0  0  0  0  0  3
SiD4         0  0  0  0  0  0  1  0  0  0  0  0  0  0  4
HCNCC        0  1  0  3  1  0  0  0  0  0  0  0  0  0  0
DCNCC        0  0  0  3  1  0  0  0  0  0  0  0  0  0  1
HCCNC        0  1  0  3  1  0  0  0  0  0  0  0  0  0  0
DCCNC        0  0  0  3  1  0  0  0  0  0  0  0  0  0  1
HNCCC        0  1  0  3  1  0  0  0  0  0  0  0  0  0  0
DNCCC        0  0  0  3  1  0  0  0  0  0  0  0  0  0  1
NH2CN        0  2  0  1  2  0  0  0  0  0  0  0  0  0  0
NHDCN        0  1  0  1  2  0  0  0  0  0  0  0  0  0  1
ND2CN        0  0  0  1  2  0  0  0  0  0  0  0  0  0  2
C6           0  0  0  6  0  0  0  0  0  0  0  0  0  0  0
CH3CN        0  3  0  2  1  0  0  0  0  0  0  0  0  0  0
CH2DCN       0  2  0  2  1  0  0  0  0  0  0  0  0  0  1
CHD2CN       0  1  0  2  1  0  0  0  0  0  0  0  0  0  2
CD3CN        0  0  0  2  1  0  0  0  0  0  0  0  0  0  3
CH2CCH       0  3  0  3  0  0  0  0  0  0  0  0  0  0  0
CH2CCD       0  2  0  3  0  0  0  0  0  0  0  0  0  0  1
CHDCCD       0  1  0  3  0  0  0  0  0  0  0  0  0  0  2
CD2CCD       0  0  0  3  0  0  0  0  0  0  0  0  0  0  3
CHDCCH       0  2  0  3  0  0  0  0  0  0  0  0  0  0  1
CD2CCH       0  1  0  3  0  0  0  0  0  0  0  0  0  0  2
C2H4         0  4  0  2  0  0  0  0  0  0  0  0  0  0  0
C2H3D        0  3  0  2  0  0  0  0  0  0  0  0  0  0  1
C2H2D2       0  2  0  2  0  0  0  0  0  0  0  0  0  0  2
C2HD3        0  1  0  2  0  0  0  0  0  0  0  0  0  0  3
C2D4         0  0  0  2  0  0  0  0  0  0  0  0  0  0  4
NC4N         0  0  0  4  2  0  0  0  0  0  0  0  0  0  0
H2CSiCH      0  3  0  2  0  0  1  0  0  0  0  0  0  0  0
H2CSiCD      0  2  0  2  0  0  1  0  0  0  0  0  0  0  1
HDCSiCD      0  1  0  2  0  0  1  0  0  0  0  0  0  0  2
D2CSiCD      0  0  0  2  0  0  1  0  0  0  0  0  0  0  3
HDCSiCH      0  2  0  2  0  0  1  0  0  0  0  0  0  0  1
D2CSiCH      0  1  0  2  0  0  1  0  0  0  0  0  0  0  2
SiC4H        0  1  0  4  0  0  1  0  0  0  0  0  0  0  0
SiC4D        0  0  0  4  0  0  1  0  0  0  0  0  0  0  1
HC4N         0  1  0  4  1  0  0  0  0  0  0  0  0  0  0
DC4N         0  0  0  4  1  0  0  0  0  0  0  0  0  0  1
C4H2         0  2  0  4  0  0  0  0  0  0  0  0  0  0  0
C4HD         0  1  0  4  0  0  0  0  0  0  0  0  0  0  1
C4D2         0  0  0  4  0  0  0  0  0  0  0  0  0  0  2
C5H          0  1  0  5  0  0  0  0  0  0  0  0  0  0  0
C5D          0  0  0  5  0  0  0  0  0  0  0  0  0  0  1
C5N          0  0  0  5  1  0  0  0  0  0  0  0  0  0  0
CH3OH        0  4  0  1  0  1  0  0  0  0  0  0  0  0  0
CH3OD        0  3  0  1  0  1  0  0  0  0  0  0  0  0  1
CH2DOD       0  2  0  1  0  1  0  0  0  0  0  0  0  0  2
CHD2OD       0  1  0  1  0  1  0  0  0  0  0  0  0  0  3
CD3OD        0  0  0  1  0  1  0  0  0  0  0  0  0  0  4
CD3OH        0  1  0  1  0  1  0  0  0  0  0  0  0  0  3
CHD2OH       0  2  0  1  0  1  0  0  0  0  0  0  0  0  2
CH2DOH       0  3  0  1  0  1  0  0  0  0  0  0  0  0  1
NH2CHO       0  3  0  1  1  1  0  0  0  0  0  0  0  0  0
NH2CDO       0  2  0  1  1  1  0  0  0  0  0  0  0  0  1
NHDCDO       0  1  0  1  1  1  0  0  0  0  0  0  0  0  2
ND2CDO       0  0  0  1  1  1  0  0  0  0  0  0  0  0  3
NHDCHO       0  2  0  1  1  1  0  0  0  0  0  0  0  0  1
ND2CHO       0  1  0  1  1  1  0  0  0  0  0  0  0  0  2
C5O          0  0  0  5  0  1  0  0  0  0  0  0  0  0  0
C7           0  0  0  7  0  0  0  0  0  0  0  0  0  0  0
HC5N         0  1  0  5  1  0  0  0  0  0  0  0  0  0  0
SiC2CH3      0  3  0  3  0  0  1  0  0  0  0  0  0  0  0
CH3CHO       0  4  0  2  0  1  0  0  0  0  0  0  0  0  0
C2H5         0  5  0  2  0  0  0  0  0  0  0  0  0  0  0
CH2CHCN      0  3  0  3  1  0  0  0  0  0  0  0  0  0  0
CH3CCH       0  4  0  3  0  0  0  0  0  0  0  0  0  0  0
C5H2         0  2  0  5  0  0  0  0  0  0  0  0  0  0  0
C6H          0  1  0  6  0  0  0  0  0  0  0  0  0  0  0
CH3NH2       0  5  0  1  1  0  0  0  0  0  0  0  0  0  0
C4H3         0  3  0  4  0  0  0  0  0  0  0  0  0  0  0
C6N          0  0  0  6  1  0  0  0  0  0  0  0  0  0  0
C8           0  0  0  8  0  0  0  0  0  0  0  0  0  0  0
HC6N         0  1  0  6  1  0  0  0  0  0  0  0  0  0  0
NC6N         0  0  0  6  2  0  0  0  0  0  0  0  0  0  0
SiC6H        0  1  0  6  0  0  1  0  0  0  0  0  0  0  0
CH2CHC2H     0  4  0  4  0  0  0  0  0  0  0  0  0  0  0
C6H2         0  2  0  6  0  0  0  0  0  0  0  0  0  0  0
C7H          0  1  0  7  0  0  0  0  0  0  0  0  0  0  0
C7N          0  0  0  7  1  0  0  0  0  0  0  0  0  0  0
CH3C3N       0  3  0  4  1  0  0  0  0  0  0  0  0  0  0
HCOOCH3      0  4  0  2  0  2  0  0  0  0  0  0  0  0  0
C2H6         0  6  0  2  0  0  0  0  0  0  0  0  0  0  0
C7O          0  0  0  7  0  1  0  0  0  0  0  0  0  0  0
C9           0  0  0  9  0  0  0  0  0  0  0  0  0  0  0
HC7N         0  1  0  7  1  0  0  0  0  0  0  0  0  0  0
SiC3H5       0  5  0  3  0  0  1  0  0  0  0  0  0  0  0
CH3CH2OH     0  6  0  2  0  1  0  0  0  0  0  0  0  0  0
C7H2         0  2  0  7  0  0  0  0  0  0  0  0  0  0  0
C8H          0  1  0  8  0  0  0  0  0  0  0  0  0  0  0
CH3C4H       0  4  0  5  0  0  0  0  0  0  0  0  0  0  0
CH3OCH3      0  6  0  2  0  1  0  0  0  0  0  0  0  0  0
CH3CHCH2     0  6  0  3  0  0  0  0  0  0  0  0  0  0  0
C8N          0  0  0  8  1  0  0  0  0  0  0  0  0  0  0
C10          0  0  0 10  0  0  0  0  0  0  0  0  0  0  0
CH3COCH3     0  6  0  3  0  1  0  0  0  0  0  0  0  0  0
C8H2         0  2  0  8  0  0  0  0  0  0  0  0  0  0  0
C9H          0  1  0  9  0  0  0  0  0  0  0  0  0  0  0
C9N          0  0  0  9  1  0  0  0  0  0  0  0  0  0  0
CH3C5N       0  3  0  6  1  0  0  0  0  0  0  0  0  0  0
HC8N         0  1  0  8  1  0  0  0  0  0  0  0  0  0  0
NC8N         0  0  0  8  2  0  0  0  0  0  0  0  0  0  0
SiC8H        0  1  0  8  0  0  1  0  0  0  0  0  0  0  0
CH2CHCHCH2   0  6  0  4  0  0  0  0  0  0  0  0  0  0  0
C9O          0  0  0  9  0  1  0  0  0  0  0  0  0  0  0
HC9N         0  1  0  9  1  0  0  0  0  0  0  0  0  0  0
C10H         0  1  0 10  0  0  0  0  0  0  0  0  0  0  0
C9H2         0  2  0  9  0  0  0  0  0  0  0  0  0  0  0
CH3C6H       0  4  0  7  0  0  0  0  0  0  0  0  0  0  0
C11          0  0  0 11  0  0  0  0  0  0  0  0  0  0  0
C10N         0  0  0 10  1  0  0  0  0  0  0  0  0  0  0
CH3C7N       0  3  0  8  1  0  0  0  0  0  0  0  0  0  0
C10H2        0  2  0 10  0  0  0  0  0  0  0  0  0  0  0
C6H6         0  6  0  6  0  0  0  0  0  0  0  0  0  0  0
Si+          1  0  0  0  0  0  1  0  0  0  0  0  0  0  0
C+           1  0  0  1  0  0  0  0  0  0  0  0  0  0  0
C-          -1  0  0  1  0  0  0  0  0  0  0  0  0  0  0
H-          -1  1  0  0  0  0  0  0  0  0  0  0  0  0  0
D-          -1  0  0  0  0  0  0  0  0  0  0  0  0  0  1
O-          -1  0  0  0  0  1  0  0  0  0  0  0  0  0  0
S-          -1  0  0  0  0  0  0  1  0  0  0  0  0  0  0
He+          1  0  1  0  0  0  0  0  0  0  0  0  0  0  0
H+           1  1  0  0  0  0  0  0  0  0  0  0  0  0  0
D+           1  0  0  0  0  0  0  0  0  0  0  0  0  0  1
Fe+          1  0  0  0  0  0  0  0  1  0  0  0  0  0  0
Mg+          1  0  0  0  0  0  0  0  0  0  1  0  0  0  0
N+           1  0  0  0  1  0  0  0  0  0  0  0  0  0  0
Na+          1  0  0  0  0  0  0  0  0  1  0  0  0  0  0
O+           1  0  0  0  0  1  0  0  0  0  0  0  0  0  0
S+           1  0  0  0  0  0  0  1  0  0  0  0  0  0  0
Cl+          1  0  0  0  0  0  0  0  0  0  0  1  0  0  0
F+           1  0  0  0  0  0  0  0  0  0  0  0  0  1  0
P+           1  0  0  0  0  0  0  0  0  0  0  0  1  0  0
e-          -1  0  0  0  0  0  0  0  0  0  0  0  0  0  0
CH+          1  1  0  1  0  0  0  0  0  0  0  0  0  0  0
CD+          1  0  0  1  0  0  0  0  0  0  0  0  0  0  1
oH2+         1  2  0  0  0  0  0  0  0  0  0  0  0  0  0
pH2+         1  2  0  0  0  0  0  0  0  0  0  0  0  0  0
oD2+         1  0  0  0  0  0  0  0  0  0  0  0  0  0  2
pD2+         1  0  0  0  0  0  0  0  0  0  0  0  0  0  2
HD+          1  1  0  0  0  0  0  0  0  0  0  0  0  0  1
OH+          1  1  0  0  0  1  0  0  0  0  0  0  0  0  0
OD+          1  0  0  0  0  1  0  0  0  0  0  0  0  0  1
SiH+         1  1  0  0  0  0  1  0  0  0  0  0  0  0  0
SiD+         1  0  0  0  0  0  1  0  0  0  0  0  0  0  1
C2+          1  0  0  2  0  0  0  0  0  0  0  0  0  0  0
CN-         -1  0  0  1  1  0  0  0  0  0  0  0  0  0  0
OH-         -1  1  0  0  0  1  0  0  0  0  0  0  0  0  0
OD-         -1  0  0  0  0  1  0  0  0  0  0  0  0  0  1
CF+          1  0  0  1  0  0  0  0  0  0  0  0  0  1  0
HS+          1  1  0  0  0  0  0  1  0  0  0  0  0  0  0
DS+          1  0  0  0  0  0  0  1  0  0  0  0  0  0  1
SO+          1  0  0  0  0  1  0  1  0  0  0  0  0  0  0
CCl+         1  0  0  1  0  0  0  0  0  0  0  1  0  0  0
ClO+         1  0  0  0  0  1  0  0  0  0  0  1  0  0  0
CN+          1  0  0  1  1  0  0  0  0  0  0  0  0  0  0
CO+          1  0  0  1  0  1  0  0  0  0  0  0  0  0  0
CP+          1  0  0  1  0  0  0  0  0  0  0  0  1  0  0
CS+          1  0  0  1  0  0  0  1  0  0  0  0  0  0  0
HCl+         1  1  0  0  0  0  0  0  0  0  0  1  0  0  0
DCl+         1  0  0  0  0  0  0  0  0  0  0  1  0  0  1
HF+          1  1  0  0  0  0  0  0  0  0  0  0  0  1  0
DF+          1  0  0  0  0  0  0  0  0  0  0  0  0  1  1
HeH+         1  1  1  0  0  0  0  0  0  0  0  0  0  0  0
HeD+         1  0  1  0  0  0  0  0  0  0  0  0  0  0  1
N2+          1  0  0  0  2  0  0  0  0  0  0  0  0  0  0
NH+          1  1  0  0  1  0  0  0  0  0  0  0  0  0  0
ND+          1  0  0  0  1  0  0  0  0  0  0  0  0  0  1
NO+          1  0  0  0  1  1  0  0  0  0  0  0  0  0  0
NS+          1  0  0  0  1  0  0  1  0  0  0  0  0  0  0
O2+          1  0  0  0  0  2  0  0  0  0  0  0  0  0  0
PH+          1  1  0  0  0  0  0  0  0  0  0  0  1  0  0
PD+          1  0  0  0  0  0  0  0  0  0  0  0  1  0  1
PN+          1  0  0  0  1  0  0  0  0  0  0  0  1  0  0
PO+          1  0  0  0  0  1  0  0  0  0  0  0  1  0  0
S2+          1  0  0  0  0  0  0  2  0  0  0  0  0  0  0
SiC+         1  0  0  1  0  0  1  0  0  0  0  0  0  0  0
SiN+         1  0  0  0  1  0  1  0  0  0  0  0  0  0  0
SiO+         1  0  0  0  0  1  1  0  0  0  0  0  0  0  0
SiS+         1  0  0  0  0  0  1  1  0  0  0  0  0  0  0
SiF+         1  0  0  0  0  0  1  0  0  0  0  0  0  1  0
CH2+         1  2  0  1  0  0  0  0  0  0  0  0  0  0  0
CHD+         1  1  0  1  0  0  0  0  0  0  0  0  0  0  1
CD2+         1  0  0  1  0  0  0  0  0  0  0  0  0  0  2
C2N+         1  0  0  2  1  0  0  0  0  0  0  0  0  0  0
CNC+         1  0  0  2  1  0  0  0  0  0  0  0  0  0  0
HSiO+        1  1  0  0  0  1  1  0  0  0  0  0  0  0  0
DSiO+        1  0  0  0  0  1  1  0  0  0  0  0  0  0  1
N2H+         1  1  0  0  2  0  0  0  0  0  0  0  0  0  0
N2D+         1  0  0  0  2  0  0  0  0  0  0  0  0  0  1
C2H+         1  1  0  2  0  0  0  0  0  0  0  0  0  0  0
C2D+         1  0  0  2  0  0  0  0  0  0  0  0  0  0  1
oH3+         1  3  0  0  0  0  0  0  0  0  0  0  0  0  0
pH3+         1  3  0  0  0  0  0  0  0  0  0  0  0  0  0
oH2D+        1  2  0  0  0  0  0  0  0  0  0  0  0  0  1
pH2D+        1  2  0  0  0  0  0  0  0  0  0  0  0  0  1
oD2H+        1  1  0  0  0  0  0  0  0  0  0  0  0  0  2
pD2H+        1  1  0  0  0  0  0  0  0  0  0  0  0  0  2
oD3+         1  0  0  0  0  0  0  0  0  0  0  0  0  0  3
pD3+         1  0  0  0  0  0  0  0  0  0  0  0  0  0  3
mD3+         1  0  0  0  0  0  0  0  0  0  0  0  0  0  3
C3-         -1  0  0  3  0  0  0  0  0  0  0  0  0  0  0
HCO+         1  1  0  1  0  1  0  0  0  0  0  0  0  0  0
DCO+         1  0  0  1  0  1  0  0  0  0  0  0  0  0  1
HSO+         1  1  0  0  0  1  0  1  0  0  0  0  0  0  0
DSO+         1  0  0  0  0  1  0  1  0  0  0  0  0  0  1
H2S+         1  2  0  0  0  0  0  1  0  0  0  0  0  0  0
HDS+         1  1  0  0  0  0  0  1  0  0  0  0  0  0  1
D2S+         1  0  0  0  0  0  0  1  0  0  0  0  0  0  2
HCS+         1  1  0  1  0  0  0  1  0  0  0  0  0  0  0
DCS+         1  0  0  1  0  0  0  1  0  0  0  0  0  0  1
HPO+         1  1  0  0  0  1  0  0  0  0  0  0  1  0  0
DPO+         1  0  0  0  0  1  0  0  0  0  0  0  1  0  1
C2O+         1  0  0  2  0  1  0  0  0  0  0  0  0  0  0
C2S+         1  0  0  2  0  0  0  1  0  0  0  0  0  0  0
C3+          1  0  0  3  0  0  0  0  0  0  0  0  0  0  0
CCP+         1  0  0  2  0  0  0  0  0  0  0  0  1  0  0
CHSi+        1  1  0  1  0  0  1  0  0  0  0  0  0  0  0
CDSi+        1  0  0  1  0  0  1  0  0  0  0  0  0  0  1
CO2+         1  0  0  1  0  2  0  0  0  0  0  0  0  0  0
H2Cl+        1  2  0  0  0  0  0  0  0  0  0  1  0  0  0
HDCl+        1  1  0  0  0  0  0  0  0  0  0  1  0  0  1
D2Cl+        1  0  0  0  0  0  0  0  0  0  0  1  0  0  2
H2F+         1  2  0  0  0  0  0  0  0  0  0  0  0  1  0
HDF+         1  1  0  0  0  0  0  0  0  0  0  0  0  1  1
D2F+         1  0  0  0  0  0  0  0  0  0  0  0  0  1  2
H2O+         1  2  0  0  0  1  0  0  0  0  0  0  0  0  0
HDO+         1  1  0  0  0  1  0  0  0  0  0  0  0  0  1
D2O+         1  0  0  0  0  1  0  0  0  0  0  0  0  0  2
HCN+         1  1  0  1  1  0  0  0  0  0  0  0  0  0  0
DCN+         1  0  0  1  1  0  0  0  0  0  0  0  0  0  1
HCP+         1  1  0  1  0  0  0  0  0  0  0  0  1  0  0
DCP+         1  0  0  1  0  0  0  0  0  0  0  0  1  0  1
HNC+         1  1  0  1  1  0  0  0  0  0  0  0  0  0  0
DNC+         1  0  0  1  1  0  0  0  0  0  0  0  0  0  1
HNO+         1  1  0  0  1  1  0  0  0  0  0  0  0  0  0
DNO+         1  0  0  0  1  1  0  0  0  0  0  0  0  0  1
HNS+         1  1  0  0  1  0  0  1  0  0  0  0  0  0  0
DNS+         1  0  0  0  1  0  0  1  0  0  0  0  0  0  1
HNSi+        1  1  0  0  1  0  1  0  0  0  0  0  0  0  0
DNSi+        1  0  0  0  1  0  1  0  0  0  0  0  0  0  1
HOC+         1  1  0  1  0  1  0  0  0  0  0  0  0  0  0
DOC+         1  0  0  1  0  1  0  0  0  0  0  0  0  0  1
HPN+         1  1  0  0  1  0  0  0  0  0  0  0  1  0  0
DPN+         1  0  0  0  1  0  0  0  0  0  0  0  1  0  1
HSiS+        1  1  0  0  0  0  1  1  0  0  0  0  0  0  0
DSiS+        1  0  0  0  0  0  1  1  0  0  0  0  0  0  1
NaH2+        1  2  0  0  0  0  0  0  0  1  0  0  0  0  0
NaHD+        1  1  0  0  0  0  0  0  0  1  0  0  0  0  1
NaD2+        1  0  0  0  0  0  0  0  0  1  0  0  0  0  2
NCO+         1  0  0  1  1  1  0  0  0  0  0  0  0  0  0
NH2+         1  2  0  0  1  0  0  0  0  0  0  0  0  0  0
NHD+         1  1  0  0  1  0  0  0  0  0  0  0  0  0  1
ND2+         1  0  0  0  1  0  0  0  0  0  0  0  0  0  2
NO2+         1  0  0  0  1  2  0  0  0  0  0  0  0  0  0
HO2+         1  1  0  0  0  2  0  0  0  0  0  0  0  0  0
DO2+         1  0  0  0  0  2  0  0  0  0  0  0  0  0  1
OCS+         1  0  0  1  0  1  0  1  0  0  0  0  0  0  0
PH2+         1  2  0  0  0  0  0  0  0  0  0  0  1  0  0
PHD+         1  1  0  0  0  0  0  0  0  0  0  0  1  0  1
PD2+         1  0  0  0  0  0  0  0  0  0  0  0  1  0  2
HS2+         1  1  0  0  0  0  0  2  0  0  0  0  0  0  0
DS2+         1  0  0  0  0  0  0  2  0  0  0  0  0  0  1
SiC2+        1  0  0  2  0  0  1  0  0  0  0  0  0  0  0
SiH2+        1  2  0  0  0  0  1  0  0  0  0  0  0  0  0
SiHD+        1  1  0  0  0  0  1  0  0  0  0  0  0  0  1
SiD2+        1  0  0  0  0  0  1  0  0  0  0  0  0  0  2
SiNC+        1  0  0  1  1  0  1  0  0  0  0  0  0  0  0
SO2+         1  0  0  0  0  2  0  1  0  0  0  0  0  0  0
HCNH+        1  2  0  1  1  0  0  0  0  0  0  0  0  0  0
HCND+        1  1  0  1  1  0  0  0  0  0  0  0  0  0  1
DCND+        1  0  0  1  1  0  0  0  0  0  0  0  0  0  2
DCNH+        1  1  0  1  1  0  0  0  0  0  0  0  0  0  1
HC2N+        1  1  0  2  1  0  0  0  0  0  0  0  0  0  0
DC2N+        1  0  0  2  1  0  0  0  0  0  0  0  0  0  1
C3H+         1  1  0  3  0  0  0  0  0  0  0  0  0  0  0
C3D+         1  0  0  3  0  0  0  0  0  0  0  0  0  0  1
C4+          1  0  0  4  0  0  0  0  0  0  0  0  0  0  0
H2CO+        1  2  0  1  0  1  0  0  0  0  0  0  0  0  0
HDCO+        1  1  0  1  0  1  0  0  0  0  0  0  0  0  1
D2CO+        1  0  0  1  0  1  0  0  0  0  0  0  0  0  2
CH3+         1  3  0  1  0  0  0  0  0  0  0  0  0  0  0
CH2D+        1  2  0  1  0  0  0  0  0  0  0  0  0  0  1
CHD2+        1  1  0  1  0  0  0  0  0  0  0  0  0  0  2
CD3+         1  0  0  1  0  0  0  0  0  0  0  0  0  0  3
C3N-        -1  0  0  3  1  0  0  0  0  0  0  0  0  0  0
C4-         -1  0  0  4  0  0  0  0  0  0  0  0  0  0  0
H3O+         1  3  0  0  0  1  0  0  0  0  0  0  0  0  0
H2DO+        1  2  0  0  0  1  0  0  0  0  0  0  0  0  1
HD2O+        1  1  0  0  0  1  0  0  0  0  0  0  0  0  2
D3O+         1  0  0  0  0  1  0  0  0  0  0  0  0  0  3
H2NO+        1  2  0  0  1  1  0  0  0  0  0  0  0  0  0
HDNO+        1  1  0  0  1  1  0  0  0  0  0  0  0  0  1
D2NO+        1  0  0  0  1  1  0  0  0  0  0  0  0  0  2
H3S+         1  3  0  0  0  0  0  1  0  0  0  0  0  0  0
H2DS+        1  2  0  0  0  0  0  1  0  0  0  0  0  0  1
HD2S+        1  1  0  0  0  0  0  1  0  0  0  0  0  0  2
D3S+         1  0  0  0  0  0  0  1  0  0  0  0  0  0  3
HC2S+        1  1  0  2  0  0  0  1  0  0  0  0  0  0  0
DC2S+        1  0  0  2  0  0  0  1  0  0  0  0  0  0  1
HOCS+        1  1  0  1  0  1  0  1  0  0  0  0  0  0  0
DOCS+        1  0  0  1  0  1  0  1  0  0  0  0  0  0  1
PCH2+        1  2  0  1  0  0  0  0  0  0  0  0  1  0  0
PCHD+        1  1  0  1  0  0  0  0  0  0  0  0  1  0  1
PCD2+        1  0  0  1  0  0  0  0  0  0  0  0  1  0  2
H2S2+        1  2  0  0  0  0  0  2  0  0  0  0  0  0  0
HDS2+        1  1  0  0  0  0  0  2  0  0  0  0  0  0  1
D2S2+        1  0  0  0  0  0  0  2  0  0  0  0  0  0  2
C2H2+        1  2  0  2  0  0  0  0  0  0  0  0  0  0  0
C2HD+        1  1  0  2  0  0  0  0  0  0  0  0  0  0  1
C2D2+        1  0  0  2  0  0  0  0  0  0  0  0  0  0  2
C2HO+        1  1  0  2  0  1  0  0  0  0  0  0  0  0  0
C2DO+        1  0  0  2  0  1  0  0  0  0  0  0  0  0  1
C2N2+        1  0  0  2  2  0  0  0  0  0  0  0  0  0  0
C3N+         1  0  0  3  1  0  0  0  0  0  0  0  0  0  0
C3O+         1  0  0  3  0  1  0  0  0  0  0  0  0  0  0
C3S+         1  0  0  3  0  0  0  1  0  0  0  0  0  0  0
CH2Si+       1  2  0  1  0  0  1  0  0  0  0  0  0  0  0
CHDSi+       1  1  0  1  0  0  1  0  0  0  0  0  0  0  1
CD2Si+       1  0  0  1  0  0  1  0  0  0  0  0  0  0  2
H2CCl+       1  2  0  1  0  0  0  0  0  0  0  1  0  0  0
HDCCl+       1  1  0  1  0  0  0  0  0  0  0  1  0  0  1
D2CCl+       1  0  0  1  0  0  0  0  0  0  0  1  0  0  2
H2CS+        1  2  0  1  0  0  0  1  0  0  0  0  0  0  0
HDCS+        1  1  0  1  0  0  0  1  0  0  0  0  0  0  1
D2CS+        1  0  0  1  0  0  0  1  0  0  0  0  0  0  2
H2NC+        1  2  0  1  1  0  0  0  0  0  0  0  0  0  0
HDNC+        1  1  0  1  1  0  0  0  0  0  0  0  0  0  1
D2NC+        1  0  0  1  1  0  0  0  0  0  0  0  0  0  2
H2PO+        1  2  0  0  0  1  0  0  0  0  0  0  1  0  0
HDPO+        1  1  0  0  0  1  0  0  0  0  0  0  1  0  1
D2PO+        1  0  0  0  0  1  0  0  0  0  0  0  1  0  2
H2SiO+       1  2  0  0  0  1  1  0  0  0  0  0  0  0  0
HDSiO+       1  1  0  0  0  1  1  0  0  0  0  0  0  0  1
D2SiO+       1  0  0  0  0  1  1  0  0  0  0  0  0  0  2
HOCO+        1  1  0  1  0  2  0  0  0  0  0  0  0  0  0
DOCO+        1  0  0  1  0  2  0  0  0  0  0  0  0  0  1
HNCO+        1  1  0  1  1  1  0  0  0  0  0  0  0  0  0
DNCO+        1  0  0  1  1  1  0  0  0  0  0  0  0  0  1
HSiO2+       1  1  0  0  0  2  1  0  0  0  0  0  0  0  0
DSiO2+       1  0  0  0  0  2  1  0  0  0  0  0  0  0  1
HSO2+        1  1  0  0  0  2  0  1  0  0  0  0  0  0  0
DSO2+        1  0  0  0  0  2  0  1  0  0  0  0  0  0  1
NaH2O+       1  2  0  0  0  1  0  0  0  1  0  0  0  0  0
NaHDO+       1  1  0  0  0  1  0  0  0  1  0  0  0  0  1
NaD2O+       1  0  0  0  0  1  0  0  0  1  0  0  0  0  2
NH3+         1  3  0  0  1  0  0  0  0  0  0  0  0  0  0
NH2D+        1  2  0  0  1  0  0  0  0  0  0  0  0  0  1
NHD2+        1  1  0  0  1  0  0  0  0  0  0  0  0  0  2
ND3+         1  0  0  0  1  0  0  0  0  0  0  0  0  0  3
PC2H+        1  1  0  2  0  0  0  0  0  0  0  0  1  0  0
PC2D+        1  0  0  2  0  0  0  0  0  0  0  0  1  0  1
PH3+         1  3  0  0  0  0  0  0  0  0  0  0  1  0  0
PH2D+        1  2  0  0  0  0  0  0  0  0  0  0  1  0  1
PHD2+        1  1  0  0  0  0  0  0  0  0  0  0  1  0  2
PD3+         1  0  0  0  0  0  0  0  0  0  0  0  1  0  3
PNH2+        1  2  0  0  1  0  0  0  0  0  0  0  1  0  0
PNHD+        1  1  0  0  1  0  0  0  0  0  0  0  1  0  1
PND2+        1  0  0  0  1  0  0  0  0  0  0  0  1  0  2
SiC2H+       1  1  0  2  0  0  1  0  0  0  0  0  0  0  0
SiC2D+       1  0  0  2  0  0  1  0  0  0  0  0  0  0  1
l-SiC3+      1  0  0  3  0  0  1  0  0  0  0  0  0  0  0
SiH3+        1  3  0  0  0  0  1  0  0  0  0  0  0  0  0
SiH2D+       1  2  0  0  0  0  1  0  0  0  0  0  0  0  1
SiHD2+       1  1  0  0  0  0  1  0  0  0  0  0  0  0  2
SiD3+        1  0  0  0  0  0  1  0  0  0  0  0  0  0  3
SiNCH+       1  1  0  1  1  0  1  0  0  0  0  0  0  0  0
SiNCD+       1  0  0  1  1  0  1  0  0  0  0  0  0  0  1
HSiNH+       1  2  0  0  1  0  1  0  0  0  0  0  0  0  0
HSiND+       1  1  0  0  1  0  1  0  0  0  0  0  0  0  1
DSiNH+       1  1  0  0  1  0  1  0  0  0  0  0  0  0  1
DSiND+       1  0  0  0  1  0  1  0  0  0  0  0  0  0  2
HN2O+        1  1  0  0  2  1  0  0  0  0  0  0  0  0  0
DN2O+        1  0  0  0  2  1  0  0  0  0  0  0  0  0  1
C2H3+        1  3  0  2  0  0  0  0  0  0  0  0  0  0  0
C2H2D+       1  2  0  2  0  0  0  0  0  0  0  0  0  0  1
C2HD2+       1  1  0  2  0  0  0  0  0  0  0  0  0  0  2
C2D3+        1  0  0  2  0  0  0  0  0  0  0  0  0  0  3
c-C3H2+      1  2  0  3  0  0  0  0  0  0  0  0  0  0  0
c-C3HD+      1  1  0  3  0  0  0  0  0  0  0  0  0  0  1
c-C3D2+      1  0  0  3  0  0  0  0  0  0  0  0  0  0  2
l-C3H2+      1  2  0  3  0  0  0  0  0  0  0  0  0  0  0
l-C3HD+      1  1  0  3  0  0  0  0  0  0  0  0  0  0  1
l-C3D2+      1  0  0  3  0  0  0  0  0  0  0  0  0  0  2
C4H+         1  1  0  4  0  0  0  0  0  0  0  0  0  0  0
C4D+         1  0  0  4  0  0  0  0  0  0  0  0  0  0  1
C5+          1  0  0  5  0  0  0  0  0  0  0  0  0  0  0
HC3O+        1  1  0  3  0  1  0  0  0  0  0  0  0  0  0
DC3O+        1  0  0  3  0  1  0  0  0  0  0  0  0  0  1
C4H-        -1  1  0  4  0  0  0  0  0  0  0  0  0  0  0
C4D-        -1  0  0  4  0  0  0  0  0  0  0  0  0  0  1
C5-         -1  0  0  5  0  0  0  0  0  0  0  0  0  0  0
NH4+         1  4  0  0  1  0  0  0  0  0  0  0  0  0  0
NH3D+        1  3  0  0  1  0  0  0  0  0  0  0  0  0  1
NH2D2+       1  2  0  0  1  0  0  0  0  0  0  0  0  0  2
NHD3+        1  1  0  0  1  0  0  0  0  0  0  0  0  0  3
ND4+         1  0  0  0  1  0  0  0  0  0  0  0  0  0  4
H3CS+        1  3  0  1  0  0  0  1  0  0  0  0  0  0  0
H2DCS+       1  2  0  1  0  0  0  1  0  0  0  0  0  0  1
HD2CS+       1  1  0  1  0  0  0  1  0  0  0  0  0  0  2
D3CS+        1  0  0  1  0  0  0  1  0  0  0  0  0  0  3
H2COH+       1  3  0  1  0  1  0  0  0  0  0  0  0  0  0
H2COD+       1  2  0  1  0  1  0  0  0  0  0  0  0  0  1
HDCOD+       1  1  0  1  0  1  0  0  0  0  0  0  0  0  2
D2COD+       1  0  0  1  0  1  0  0  0  0  0  0  0  0  3
D2COH+       1  1  0  1  0  1  0  0  0  0  0  0  0  0  2
HDCOH+       1  2  0  1  0  1  0  0  0  0  0  0  0  0  1
H3S2+        1  3  0  0  0  0  0  2  0  0  0  0  0  0  0
H2DS2+       1  2  0  0  0  0  0  2  0  0  0  0  0  0  1
HD2S2+       1  1  0  0  0  0  0  2  0  0  0  0  0  0  2
D3S2+        1  0  0  0  0  0  0  2  0  0  0  0  0  0  3
HC3S+        1  1  0  3  0  0  0  1  0  0  0  0  0  0  0
DC3S+        1  0  0  3  0  0  0  1  0  0  0  0  0  0  1
PC3H+        1  1  0  3  0  0  0  0  0  0  0  0  1  0  0
PC3D+        1  0  0  3  0  0  0  0  0  0  0  0  1  0  1
PCH3+        1  3  0  1  0  0  0  0  0  0  0  0  1  0  0
PCH2D+       1  2  0  1  0  0  0  0  0  0  0  0  1  0  1
PCHD2+       1  1  0  1  0  0  0  0  0  0  0  0  1  0  2
PCD3+        1  0  0  1  0  0  0  0  0  0  0  0  1  0  3
PNH3+        1  3  0  0  1  0  0  0  0  0  0  0  1  0  0
PNH2D+       1  2  0  0  1  0  0  0  0  0  0  0  1  0  1
PNHD2+       1  1  0  0  1  0  0  0  0  0  0  0  1  0  2
PND3+        1  0  0  0  1  0  0  0  0  0  0  0  1  0  3
SiC2H2+      1  2  0  2  0  0  1  0  0  0  0  0  0  0  0
SiC2HD+      1  1  0  2  0  0  1  0  0  0  0  0  0  0  1
SiC2D2+      1  0  0  2  0  0  1  0  0  0  0  0  0  0  2
SiC3H+       1  1  0  3  0  0  1  0  0  0  0  0  0  0  0
SiC3D+       1  0  0  3  0  0  1  0  0  0  0  0  0  0  1
SiC4+        1  0  0  4  0  0  1  0  0  0  0  0  0  0  0
SiCH3+       1  3  0  1  0  0  1  0  0  0  0  0  0  0  0
SiCH2D+      1  2  0  1  0  0  1  0  0  0  0  0  0  0  1
SiCHD2+      1  1  0  1  0  0  1  0  0  0  0  0  0  0  2
SiCD3+       1  0  0  1  0  0  1  0  0  0  0  0  0  0  3
SiH4+        1  4  0  0  0  0  1  0  0  0  0  0  0  0  0
SiH3D+       1  3  0  0  0  0  1  0  0  0  0  0  0  0  1
SiH2D2+      1  2  0  0  0  0  1  0  0  0  0  0  0  0  2
SiHD3+       1  1  0  0  0  0  1  0  0  0  0  0  0  0  3
SiD4+        1  0  0  0  0  0  1  0  0  0  0  0  0  0  4
CH2CN+       1  2  0  2  1  0  0  0  0  0  0  0  0  0  0
CHDCN+       1  1  0  2  1  0  0  0  0  0  0  0  0  0  1
CD2CN+       1  0  0  2  1  0  0  0  0  0  0  0  0  0  2
H2CCO+       1  2  0  2  0  1  0  0  0  0  0  0  0  0  0
HDCCO+       1  1  0  2  0  1  0  0  0  0  0  0  0  0  1
D2CCO+       1  0  0  2  0  1  0  0  0  0  0  0  0  0  2
HC3N+        1  1  0  3  1  0  0  0  0  0  0  0  0  0  0
DC3N+        1  0  0  3  1  0  0  0  0  0  0  0  0  0  1
C4N+         1  0  0  4  1  0  0  0  0  0  0  0  0  0  0
C4P+         1  0  0  4  0  0  0  0  0  0  0  0  1  0  0
C4S+         1  0  0  4  0  0  0  1  0  0  0  0  0  0  0
HCOOH+       1  2  0  1  0  2  0  0  0  0  0  0  0  0  0
HCOOD+       1  1  0  1  0  2  0  0  0  0  0  0  0  0  1
DCOOH+       1  1  0  1  0  2  0  0  0  0  0  0  0  0  1
DCOOD+       1  0  0  1  0  2  0  0  0  0  0  0  0  0  2
CH4+         1  4  0  1  0  0  0  0  0  0  0  0  0  0  0
CH3D+        1  3  0  1  0  0  0  0  0  0  0  0  0  0  1
CH2D2+       1  2  0  1  0  0  0  0  0  0  0  0  0  0  2
CHD3+        1  1  0  1  0  0  0  0  0  0  0  0  0  0  3
CD4+         1  0  0  1  0  0  0  0  0  0  0  0  0  0  4
H3SiO+       1  3  0  0  0  1  1  0  0  0  0  0  0  0  0
H2DSiO+      1  2  0  0  0  1  1  0  0  0  0  0  0  0  1
HD2SiO+      1  1  0  0  0  1  1  0  0  0  0  0  0  0  2
D3SiO+       1  0  0  0  0  1  1  0  0  0  0  0  0  0  3
PC2H2+       1  2  0  2  0  0  0  0  0  0  0  0  1  0  0
PC2HD+       1  1  0  2  0  0  0  0  0  0  0  0  1  0  1
PC2D2+       1  0  0  2  0  0  0  0  0  0  0  0  1  0  2
C6+          1  0  0  6  0  0  0  0  0  0  0  0  0  0  0
HC4N+        1  1  0  4  1  0  0  0  0  0  0  0  0  0  0
DC4N+        1  0  0  4  1  0  0  0  0  0  0  0  0  0  1
C5H-        -1  1  0  5  0  0  0  0  0  0  0  0  0  0  0
C5D-        -1  0  0  5  0  0  0  0  0  0  0  0  0  0  1
C6-         -1  0  0  6  0  0  0  0  0  0  0  0  0  0  0
CH3CO+       1  3  0  2  0  1  0  0  0  0  0  0  0  0  0
CH2DCO+      1  2  0  2  0  1  0  0  0  0  0  0  0  0  1
CHD2CO+      1  1  0  2  0  1  0  0  0  0  0  0  0  0  2
CD3CO+       1  0  0  2  0  1  0  0  0  0  0  0  0  0  3
C2H4+        1  4  0  2  0  0  0  0  0  0  0  0  0  0  0
C2H3D+       1  3  0  2  0  0  0  0  0  0  0  0  0  0  1
C2H2D2+      1  2  0  2  0  0  0  0  0  0  0  0  0  0  2
C2HD3+       1  1  0  2  0  0  0  0  0  0  0  0  0  0  3
C2D4+        1  0  0  2  0  0  0  0  0  0  0  0  0  0  4
HC3NH+       1  2  0  3  1  0  0  0  0  0  0  0  0  0  0
HC3ND+       1  1  0  3  1  0  0  0  0  0  0  0  0  0  1
DC3NH+       1  1  0  3  1  0  0  0  0  0  0  0  0  0  1
DC3ND+       1  0  0  3  1  0  0  0  0  0  0  0  0  0  2
HC4S+        1  1  0  4  0  0  0  1  0  0  0  0  0  0  0
DC4S+        1  0  0  4  0  0  0  1  0  0  0  0  0  0  1
CH5+         1  5  0  1  0  0  0  0  0  0  0  0  0  0  0
CH4D+        1  4  0  1  0  0  0  0  0  0  0  0  0  0  1
CH3D2+       1  3  0  1  0  0  0  0  0  0  0  0  0  0  2
CH2D3+       1  2  0  1  0  0  0  0  0  0  0  0  0  0  3
CHD4+        1  1  0  1  0  0  0  0  0  0  0  0  0  0  4
CD5+         1  0  0  1  0  0  0  0  0  0  0  0  0  0  5
C4H2+        1  2  0  4  0  0  0  0  0  0  0  0  0  0  0
C4HD+        1  1  0  4  0  0  0  0  0  0  0  0  0  0  1
C4D2+        1  0  0  4  0  0  0  0  0  0  0  0  0  0  2
C5H+         1  1  0  5  0  0  0  0  0  0  0  0  0  0  0
C5D+         1  0  0  5  0  0  0  0  0  0  0  0  0  0  1
CH3CN+       1  3  0  2  1  0  0  0  0  0  0  0  0  0  0
CH2DCN+      1  2  0  2  1  0  0  0  0  0  0  0  0  0  1
CHD2CN+      1  1  0  2  1  0  0  0  0  0  0  0  0  0  2
CD3CN+       1  0  0  2  1  0  0  0  0  0  0  0  0  0  3
c-C3H3+      1  3  0  3  0  0  0  0  0  0  0  0  0  0  0
c-C3H2D+     1  2  0  3  0  0  0  0  0  0  0  0  0  0  1
c-C3HD2+     1  1  0  3  0  0  0  0  0  0  0  0  0  0  2
c-C3D3+      1  0  0  3  0  0  0  0  0  0  0  0  0  0  3
l-C3H3+      1  3  0  3  0  0  0  0  0  0  0  0  0  0  0
l-C3H2D+     1  2  0  3  0  0  0  0  0  0  0  0  0  0  1
l-C3HD2+     1  1  0  3  0  0  0  0  0  0  0  0  0  0  2
l-C3D3+      1  0  0  3  0  0  0  0  0  0  0  0  0  0  3
C5N+         1  0  0  5  1  0  0  0  0  0  0  0  0  0  0
CH3O2+       1  3  0  1  0  2  0  0  0  0  0  0  0  0  0
CH2DO2+      1  2  0  1  0  2  0  0  0  0  0  0  0  0  1
CHD2O2+      1  1  0  1  0  2  0  0  0  0  0  0  0  0  2
CD3O2+       1  0  0  1  0  2  0  0  0  0  0  0  0  0  3
CH2NH2+      1  4  0  1  1  0  0  0  0  0  0  0  0  0  0
CH2NHD+      1  3  0  1  1  0  0  0  0  0  0  0  0  0  1
CH2ND2+      1  2  0  1  1  0  0  0  0  0  0  0  0  0  2
CHDND2+      1  1  0  1  1  0  0  0  0  0  0  0  0  0  3
CHDNHD+      1  2  0  1  1  0  0  0  0  0  0  0  0  0  2
CHDNH2+      1  3  0  1  1  0  0  0  0  0  0  0  0  0  1
CD2ND2+      1  0  0  1  1  0  0  0  0  0  0  0  0  0  4
CD2NHD+      1  1  0  1  1  0  0  0  0  0  0  0  0  0  3
CD2NH2+      1  2  0  1  1  0  0  0  0  0  0  0  0  0  2
CH3OH+       1  4  0  1  0  1  0  0  0  0  0  0  0  0  0
CH3OD+       1  3  0  1  0  1  0  0  0  0  0  0  0  0  1
CH2DOH+      1  3  0  1  0  1  0  0  0  0  0  0  0  0  1
CH2DOD+      1  2  0  1  0  1  0  0  0  0  0  0  0  0  2
CHD2OD+      1  1  0  1  0  1  0  0  0  0  0  0  0  0  3
CHD2OH+      1  2  0  1  0  1  0  0  0  0  0  0  0  0  2
CD3OD+       1  0  0  1  0  1  0  0  0  0  0  0  0  0  4
CD3OH+       1  1  0  1  0  1  0  0  0  0  0  0  0  0  3
H2C3O+       1  2  0  3  0  1  0  0  0  0  0  0  0  0  0
HDC3O+       1  1  0  3  0  1  0  0  0  0  0  0  0  0  1
D2C3O+       1  0  0  3  0  1  0  0  0  0  0  0  0  0  2
HC2NCH+      1  2  0  3  1  0  0  0  0  0  0  0  0  0  0
DC2NCH+      1  1  0  3  1  0  0  0  0  0  0  0  0  0  1
DC2NCD+      1  0  0  3  1  0  0  0  0  0  0  0  0  0  2
HC2NCD+      1  1  0  3  1  0  0  0  0  0  0  0  0  0  1
HC4O+        1  1  0  4  0  1  0  0  0  0  0  0  0  0  0
DC4O+        1  0  0  4  0  1  0  0  0  0  0  0  0  0  1
NH2CNH+      1  3  0  1  2  0  0  0  0  0  0  0  0  0  0
NH2CND+      1  2  0  1  2  0  0  0  0  0  0  0  0  0  1
NHDCNH+      1  2  0  1  2  0  0  0  0  0  0  0  0  0  1
NHDCND+      1  1  0  1  2  0  0  0  0  0  0  0  0  0  2
ND2CND+      1  0  0  1  2  0  0  0  0  0  0  0  0  0  3
ND2CNH+      1  1  0  1  2  0  0  0  0  0  0  0  0  0  2
PC2H3+       1  3  0  2  0  0  0  0  0  0  0  0  1  0  0
PC2H2D+      1  2  0  2  0  0  0  0  0  0  0  0  1  0  1
PC2HD2+      1  1  0  2  0  0  0  0  0  0  0  0  1  0  2
PC2D3+       1  0  0  2  0  0  0  0  0  0  0  0  1  0  3
PC4H+        1  1  0  4  0  0  0  0  0  0  0  0  1  0  0
PC4D+        1  0  0  4  0  0  0  0  0  0  0  0  1  0  1
PCH4+        1  4  0  1  0  0  0  0  0  0  0  0  1  0  0
PCH3D+       1  3  0  1  0  0  0  0  0  0  0  0  1  0  1
PCH2D2+      1  2  0  1  0  0  0  0  0  0  0  0  1  0  2
PCHD3+       1  1  0  1  0  0  0  0  0  0  0  0  1  0  3
PCD4+        1  0  0  1  0  0  0  0  0  0  0  0  1  0  4
SiC2H3+      1  3  0  2  0  0  1  0  0  0  0  0  0  0  0
SiC2H2D+     1  2  0  2  0  0  1  0  0  0  0  0  0  0  1
SiC2HD2+     1  1  0  2  0  0  1  0  0  0  0  0  0  0  2
SiC2D3+      1  0  0  2  0  0  1  0  0  0  0  0  0  0  3
SiC3H2+      1  2  0  3  0  0  1  0  0  0  0  0  0  0  0
SiC3HD+      1  1  0  3  0  0  1  0  0  0  0  0  0  0  1
SiC3D2+      1  0  0  3  0  0  1  0  0  0  0  0  0  0  2
SiC4H+       1  1  0  4  0  0  1  0  0  0  0  0  0  0  0
SiC4D+       1  0  0  4  0  0  1  0  0  0  0  0  0  0  1
SiCH4+       1  4  0  1  0  0  1  0  0  0  0  0  0  0  0
SiCH3D+      1  3  0  1  0  0  1  0  0  0  0  0  0  0  1
SiCH2D2+     1  2  0  1  0  0  1  0  0  0  0  0  0  0  2
SiCHD3+      1  1  0  1  0  0  1  0  0  0  0  0  0  0  3
SiCD4+       1  0  0  1  0  0  1  0  0  0  0  0  0  0  4
SiH5+        1  5  0  0  0  0  1  0  0  0  0  0  0  0  0
SiH4D+       1  4  0  0  0  0  1  0  0  0  0  0  0  0  1
SiH3D2+      1  3  0  0  0  0  1  0  0  0  0  0  0  0  2
SiH2D3+      1  2  0  0  0  0  1  0  0  0  0  0  0  0  3
SiHD4+       1  1  0  0  0  0  1  0  0  0  0  0  0  0  4
SiD5+        1  0  0  0  0  0  1  0  0  0  0  0  0  0  5
C7+          1  0  0  7  0  0  0  0  0  0  0  0  0  0  0
H2C4N+       1  2  0  4  1  0  0  0  0  0  0  0  0  0  0
C6H-        -1  1  0  6  0  0  0  0  0  0  0  0  0  0  0
C7-         -1  0  0  7  0  0  0  0  0  0  0  0  0  0  0
C4H3+        1  3  0  4  0  0  0  0  0  0  0  0  0  0  0
C5H2+        1  2  0  5  0  0  0  0  0  0  0  0  0  0  0
CH3CNH+      1  4  0  2  1  0  0  0  0  0  0  0  0  0  0
C2H4O+       1  4  0  2  0  1  0  0  0  0  0  0  0  0  0
C2H5+        1  5  0  2  0  0  0  0  0  0  0  0  0  0  0
C3H3N+       1  3  0  3  1  0  0  0  0  0  0  0  0  0  0
C3H4+        1  4  0  3  0  0  0  0  0  0  0  0  0  0  0
HC5N+        1  1  0  5  1  0  0  0  0  0  0  0  0  0  0
C6H+         1  1  0  6  0  0  0  0  0  0  0  0  0  0  0
CH3NH2+      1  5  0  1  1  0  0  0  0  0  0  0  0  0  0
CH3OH2+      1  5  0  1  0  1  0  0  0  0  0  0  0  0  0
H3C3O+       1  3  0  3  0  1  0  0  0  0  0  0  0  0  0
NH2CH2O+     1  4  0  1  1  1  0  0  0  0  0  0  0  0  0
PC2H4+       1  4  0  2  0  0  0  0  0  0  0  0  1  0  0
PC4H2+       1  2  0  4  0  0  0  0  0  0  0  0  1  0  0
HC5O+        1  1  0  5  0  1  0  0  0  0  0  0  0  0  0
C6N+         1  0  0  6  1  0  0  0  0  0  0  0  0  0  0
H2C5N+       1  2  0  5  1  0  0  0  0  0  0  0  0  0  0
C8+          1  0  0  8  0  0  0  0  0  0  0  0  0  0  0
C7H-        -1  1  0  7  0  0  0  0  0  0  0  0  0  0  0
C8-         -1  0  0  8  0  0  0  0  0  0  0  0  0  0  0
C5H3+        1  3  0  5  0  0  0  0  0  0  0  0  0  0  0
C3H5+        1  5  0  3  0  0  0  0  0  0  0  0  0  0  0
C6H2+        1  2  0  6  0  0  0  0  0  0  0  0  0  0  0
C7H+         1  1  0  7  0  0  0  0  0  0  0  0  0  0  0
CH3CHOH+     1  5  0  2  0  1  0  0  0  0  0  0  0  0  0
C2H6+        1  6  0  2  0  0  0  0  0  0  0  0  0  0  0
C3H3NH+      1  4  0  3  1  0  0  0  0  0  0  0  0  0  0
C4H4+        1  4  0  4  0  0  0  0  0  0  0  0  0  0  0
C7N+         1  0  0  7  1  0  0  0  0  0  0  0  0  0  0
CH3NH3+      1  6  0  1  1  0  0  0  0  0  0  0  0  0  0
COOCH4+      1  4  0  2  0  2  0  0  0  0  0  0  0  0  0
H3C4N+       1  3  0  4  1  0  0  0  0  0  0  0  0  0  0
HC6N+        1  1  0  6  1  0  0  0  0  0  0  0  0  0  0
C9+          1  0  0  9  0  0  0  0  0  0  0  0  0  0  0
C8H-        -1  1  0  8  0  0  0  0  0  0  0  0  0  0  0
C9-         -1  0  0  9  0  0  0  0  0  0  0  0  0  0  0
C4H5+        1  5  0  4  0  0  0  0  0  0  0  0  0  0  0
C6H3+        1  3  0  6  0  0  0  0  0  0  0  0  0  0  0
C7H2+        1  2  0  7  0  0  0  0  0  0  0  0  0  0  0
C2H5OH+      1  6  0  2  0  1  0  0  0  0  0  0  0  0  0
H3C4NH+      1  4  0  4  1  0  0  0  0  0  0  0  0  0  0
C5H3N+       1  3  0  5  1  0  0  0  0  0  0  0  0  0  0
C5H4+        1  4  0  5  0  0  0  0  0  0  0  0  0  0  0
HC7N+        1  1  0  7  1  0  0  0  0  0  0  0  0  0  0
C8H+         1  1  0  8  0  0  0  0  0  0  0  0  0  0  0
CH3OCH3+     1  6  0  2  0  1  0  0  0  0  0  0  0  0  0
H5C2O2+      1  5  0  2  0  2  0  0  0  0  0  0  0  0  0
HC7O+        1  1  0  7  0  1  0  0  0  0  0  0  0  0  0
C8N+         1  0  0  8  1  0  0  0  0  0  0  0  0  0  0
H2C6N+       1  2  0  6  1  0  0  0  0  0  0  0  0  0  0
C10+         1  0  0 10  0  0  0  0  0  0  0  0  0  0  0
C9H-        -1  1  0  9  0  0  0  0  0  0  0  0  0  0  0
C10-        -1  0  0 10  0  0  0  0  0  0  0  0  0  0  0
C7H2N+       1  2  0  7  1  0  0  0  0  0  0  0  0  0  0
C7H3+        1  3  0  7  0  0  0  0  0  0  0  0  0  0  0
C5H5+        1  5  0  5  0  0  0  0  0  0  0  0  0  0  0
C8H2+        1  2  0  8  0  0  0  0  0  0  0  0  0  0  0
C9H+         1  1  0  9  0  0  0  0  0  0  0  0  0  0  0
C2H6CO+      1  6  0  3  0  1  0  0  0  0  0  0  0  0  0
C5H4N+       1  4  0  5  1  0  0  0  0  0  0  0  0  0  0
C6H4+        1  4  0  6  0  0  0  0  0  0  0  0  0  0  0
C9N+         1  0  0  9  1  0  0  0  0  0  0  0  0  0  0
HC8N+        1  1  0  8  1  0  0  0  0  0  0  0  0  0  0
C10H+        1  1  0 10  0  0  0  0  0  0  0  0  0  0  0
C10H-       -1  1  0 10  0  0  0  0  0  0  0  0  0  0  0
C8H3+        1  3  0  8  0  0  0  0  0  0  0  0  0  0  0
C9H2+        1  2  0  9  0  0  0  0  0  0  0  0  0  0  0
H3C6NH+      1  4  0  6  1  0  0  0  0  0  0  0  0  0  0
C6H5+        1  5  0  6  0  0  0  0  0  0  0  0  0  0  0
H3C7N+       1  3  0  7  1  0  0  0  0  0  0  0  0  0  0
C7H4+        1  4  0  7  0  0  0  0  0  0  0  0  0  0  0
C9HN+        1  1  0  9  1  0  0  0  0  0  0  0  0  0  0
C11+         1  0  0 11  0  0  0  0  0  0  0  0  0  0  0
HC9O+        1  1  0  9  0  1  0  0  0  0  0  0  0  0  0
C10N+        1  0  0 10  1  0  0  0  0  0  0  0  0  0  0
H2C8N+       1  2  0  8  1  0  0  0  0  0  0  0  0  0  0
C9H2N+       1  2  0  9  1  0  0  0  0  0  0  0  0  0  0
C9H3+        1  3  0  9  0  0  0  0  0  0  0  0  0  0  0
C10H2+       1  2  0 10  0  0  0  0  0  0  0  0  0  0  0
C7H5+        1  5  0  7  0  0  0  0  0  0  0  0  0  0  0
C8H4+        1  4  0  8  0  0  0  0  0  0  0  0  0  0  0
HC10N+       1  1  0 10  1  0  0  0  0  0  0  0  0  0  0
C9H4+        1  4  0  9  0  0  0  0  0  0  0  0  0  0  0
C8H4N+       1  4  0  8  1  0  0  0  0  0  0  0  0  0  0
C8H5+        1  5  0  8  0  0  0  0  0  0  0  0  0  0  0
C9H3N+       1  3  0  9  1  0  0  0  0  0  0  0  0  0  0
C10H3+       1  3  0 10  0  0  0  0  0  0  0  0  0  0  0
H2C10N+      1  2  0 10  1  0  0  0  0  0  0  0  0  0  0
C9H5+        1  5  0  9  0  0  0  0  0  0  0  0  0  0  0
GRAIN0       0  0  0  0  0  0  0  0  0  0  0  0  0  0  0
GRAIN-      -1  0  0  0  0  0  0  0  0  0  0  0  0  0  0
XH           0  1  0  0  0  0  0  0  0  0  0  0  0  0  0
O3           0  0  0  0  0  3  0  0  0  0  0  0  0  0  0
FeH          0  1  0  0  0  0  0  0  1  0  0  0  0  0  0
FeD          0  0  0  0  0  0  0  0  1  0  0  0  0  0  1 
MgH2         0  2  0  0  0  0  0  0  0  0  1  0  0  0  0
MgHD         0  1  0  0  0  0  0  0  0  0  1  0  0  0  1
MgD2         0  0  0  0  0  0  0  0  0  0  1  0  0  0  2
HNCO         0  1  0  1  1  1  0  0  0  0  0  0  0  0  0
DNCO         0  0  0  1  1  1  0  0  0  0  0  0  0  0  1
HC2O         0  1  0  2  0  1  0  0  0  0  0  0  0  0  0
DC2O         0  0  0  2  0  1  0  0  0  0  0  0  0  0  1
CH2OH        0  3  0  1  0  1  0  0  0  0  0  0  0  0  0
CH2OD        0  2  0  1  0  1  0  0  0  0  0  0  0  0  1
CHDOD        0  1  0  1  0  1  0  0  0  0  0  0  0  0  2
CD2OD        0  0  0  1  0  1  0  0  0  0  0  0  0  0  3
CD2OH        0  1  0  1  0  1  0  0  0  0  0  0  0  0  2
CHDOH        0  2  0  1  0  1  0  0  0  0  0  0  0  0  1
C5H3         0  3  0  5  0  0  0  0  0  0  0  0  0  0  0
C6H3         0  3  0  6  0  0  0  0  0  0  0  0  0  0  0
C7H3         0  3  0  7  0  0  0  0  0  0  0  0  0  0  0
C8H3         0  3  0  8  0  0  0  0  0  0  0  0  0  0  0
C9H3         0  3  0  9  0  0  0  0  0  0  0  0  0  0  0
C5H4         0  4  0  5  0  0  0  0  0  0  0  0  0  0  0
C6H4         0  4  0  6  0  0  0  0  0  0  0  0  0  0  0
C7H4         0  4  0  7  0  0  0  0  0  0  0  0  0  0  0
C8H4         0  4  0  8  0  0  0  0  0  0  0  0  0  0  0
C9H4         0  4  0  9  0  0  0  0  0  0  0  0  0  0  0
CH3CO        0  3  0  2  0  1  0  0  0  0  0  0  0  0  0
CD3CO        0  0  0  2  0  1  0  0  0  0  0  0  0  0  3
CH2DCO       0  2  0  2  0  1  0  0  0  0  0  0  0  0  1
CHD2CO       0  1  0  2  0  1  0  0  0  0  0  0  0  0  2
CH3OCH2      0  5  0  2  0  1  0  0  0  0  0  0  0  0  0
CH2NH2       0  4  0  1  1  0  0  0  0  0  0  0  0  0  0
CH2NHD       0  3  0  1  1  0  0  0  0  0  0  0  0  0  1
CH2ND2       0  2  0  1  1  0  0  0  0  0  0  0  0  0  2
CHDND2       0  1  0  1  1  0  0  0  0  0  0  0  0  0  3
CD2ND2       0  0  0  1  1  0  0  0  0  0  0  0  0  0  4
CD2NHD       0  1  0  1  1  0  0  0  0  0  0  0  0  0  3
CHDNHD       0  2  0  1  1  0  0  0  0  0  0  0  0  0  2
HCOCO        0  1  0  2  0  2  0  0  0  0  0  0  0  0  0
DCOCO        0  0  0  2  0  2  0  0  0  0  0  0  0  0  1
HCOCHO       0  2  0  2  0  2  0  0  0  0  0  0  0  0  0
HCOCDO       0  1  0  2  0  2  0  0  0  0  0  0  0  0  1
DCOCDO       0  0  0  2  0  2  0  0  0  0  0  0  0  0  2
DCOCHO       0  1  0  2  0  2  0  0  0  0  0  0  0  0  1
CH3O         0  3  0  1  0  1  0  0  0  0  0  0  0  0  0
CD3O         0  0  0  1  0  1  0  0  0  0  0  0  0  0  3
CH2DO        0  2  0  1  0  1  0  0  0  0  0  0  0  0  1
CHD2O        0  1  0  1  0  1  0  0  0  0  0  0  0  0  2
HOCO         0  1  0  1  0  2  0  0  0  0  0  0  0  0  0
DOCO         0  0  0  1  0  2  0  0  0  0  0  0  0  0  1
CHDNH2       0  3  0  1  1  0  0  0  0  0  0  0  0  0  1
CD2NH2       0  2  0  1  1  0  0  0  0  0  0  0  0  0  2






