O3 = O2 + O
1    
  298  
31  176  
540  0.449921011058452  
554.5  0.450064850843061  
560  0.44990366088632  
580  0.449984515329823  
584.7  0.449877750611247  
600  0.449870726802643  
609.4  0.44987146529563  
620  0.45005675368899  
625.3  0.45  
629.7  0.450027762354248  
640  0.450013546464373  
660  0.450110253583241  
680  0.450110864745011  
700  0.45002474022761  
720  0.450011598237068  
740  0.450012850167052  
760  0.44988864142539  
764.6  0.45  
770.4  0.449971574758385  
780  0.450119474313023  
790.2  0.450079744816587  
800  0.45  
820  0.449906890130354  
834.2  0.450140168201842  
840  0.449917218543046  
860  0.45  
880  0.450026983270372  
900  0.45  
920  0.449961449498844  
923.1  0.449960660896932  
933.4  0.45  
937.8  0.45  
940  0.45  
949.7  0.45  
960  0.449953139643861  
972.5  0.450020032051282  
977  0.450025680534155  
980  0.450026838432636  
991  0.449962565510357  
1000  0.4500430133956  
1020  0.450005944596362  
1025.7  0.449941107184923  
1035  0.449994232322067  
1060  0.44998912807132  
1110  0.45  
1155  0.45  
1190  0.449950544015826  
1210  0.449977137631459  
1215.7  0.449934980494148  
1250  0.449953917050691  
1300  0.449951409135083  
1350  0.45  
1400  0.449950163747686  
1450  0.449971192625312  
1500  0.450103032087136  
1550  0.45  
1600  0.456109324758842  
1650  0.468809497144137  
1700  0.481485794131346  
1750  0.494155534351145  
1800  0.506916612798966  
1850  0.519691002726447  
1900  0.532348941130756  
1950  0.511173901875161  
2000  0.441020852785559  
2050  0.37031975949713  
2100  0.299639608718037  
2150  0.228957528957529  
2200  0.158592017738359  
2250  0.126495437647854  
2300  0.120792520035619  
2350  0.114998416217928  
2400  0.0802523047064532  
2450  0.05  
2500  0.05  
2550  0.05  
2575  0.05  
2625  0.05  
2675  0.05  
2725  0.0500072939460248  
2775  0.0500102228583112  
2825  0.0500157878118093  
2875  0.05  
2925  0.05  
2975  0.0500088983804947  
3025  0.0360977288368892  
3075  0.183892617449664  
3125  0.662441191845269  
3175  0.798788184801818  
3225  0.889791772473337  
3275  0.932403100775194  
3325  0.939988116458705  
3375  0.939935809261807  
3425  0.940147329650092  
3475  1  
3525  1  
3575  1  
3625  1  
3675  0  
3725  0  
3775  0  
3825  0  
3875  0  
3925  0  
3975  0  
4025  0  
4100  1  
4200  1  
4300  1  
4400  1  
4500  1  
4600  1  
4700  1  
4800  1  
4900  1  
5000  1  
5100  1  
5200  1  
5300  1  
5400  1  
5500  1  
5600  1  
5700  1  
5800  1  
5900  1  
6000  1  
6100  1  
6200  1  
6300  1  
6400  1  
6500  1  
6600  1  
6700  1  
6800  1  
6900  1  
7000  1  
7100  1  
7200  1  
7300  1  
7400  1  
7500  1  
7600  1  
7700  1  
7800  1  
7900  1  
8000  1  
