1.300000000000000000e+02 9.055742329516570654e-01 8.378118897161999923e-02 1.920915231216718212e+03
1.348000000000000114e+02 1.000000000000000000e+00 8.922281531359499418e-02 1.920915231216718212e+03
1.419387755102040956e+02 1.151615656470644122e+00 9.758258559715554670e-02 2.926651161076913013e+03
1.538775510204081627e+02 1.446152776903301573e+00 1.130328622182648068e-01 5.045390499681512665e+03
1.658163265306122298e+02 1.800643547072978246e+00 1.306069459686004519e-01 5.249457694628401441e+03
1.777551020408163254e+02 2.221724143446238919e+00 1.503259214051729242e-01 5.407757797340354955e+03
1.896938775510204209e+02 2.716332353903716523e+00 1.722246882717033412e-01 5.532299796388550021e+03
2.016326530612244881e+02 3.291657604328610542e+00 1.963448905999806149e-01 5.631435376343470125e+03
2.135714285714285552e+02 3.955107382233329805e+00 2.227311408131449344e-01 5.711117896913550794e+03
2.255102040816326507e+02 4.714283126959572634e+00 2.514289481164082574e-01 5.775683303464487835e+03
2.374489795918367463e+02 5.576962058441329084e+00 2.824835726418626902e-01 5.828349720403406536e+03
2.493877551020408134e+02 6.551083020214178099e+00 3.159394023171612220e-01 5.871545857020057156e+03
2.613265306122448806e+02 7.644735217608805478e+00 3.518396337890981052e-01 5.907132123772971681e+03
2.732653061224489761e+02 8.866149159786345990e+00 3.902261339863476453e-01 5.936552725182787981e+03
2.852040816326530717e+02 1.022368935340066720e+01 4.311394103197024319e-01 5.960942298880050657e+03
2.971428571428571104e+02 1.172584843590060188e+01 4.746186463374432174e-01 5.981201987823849777e+03
3.090816326530612059e+02 1.338124252252851143e+01 5.207017763455676906e-01 5.998054563850411796e+03
3.210204081632653015e+02 1.519860759621312418e+01 5.694255824499305785e-01 6.012084945189111750e+03
3.329591836734693970e+02 1.718679680640131124e+01 6.208258035537097541e-01 6.023770369186022435e+03
3.448979591836734926e+02 1.935477856849757927e+01 6.749372496356248474e-01 6.033503132224737783e+03
3.568367346938775313e+02 2.171163537408254030e+01 7.317939170444576202e-01 6.041607918096575304e+03
3.687755102040816269e+02 2.426656323591378950e+01 7.914291021010112503e-01 6.048355138094324502e+03
3.807142857142857224e+02 2.702887170238194514e+01 8.538755113152798337e-01 6.053971298419215600e+03
3.926530612244897611e+02 3.000798438455563399e+01 9.191653671973849526e-01 6.058647128549331683e+03
4.045918367346938567e+02 3.321343994582073833e+01 9.873305090862375399e-01 6.062544006631957018e+03
4.165306122448979522e+02 3.665489350981421524e+01 1.058402488716407630e+00 6.065799077783594839e+03
4.284693877551020478e+02 4.034211844715385098e+01 1.132412660440762275e+00 6.068529360579093918e+03
4.404081632653061433e+02 4.428500850556878277e+01 1.209392266156365414e+00 6.070835064030630747e+03
4.523469387755101820e+02 4.849358025158427665e+01 1.289372515065473346e+00 6.072802283884928329e+03
4.642857142857142776e+02 5.297797579501147425e+01 1.372384658456552886e+00 6.074505207511072513e+03
4.762244897959183731e+02 5.774846577021588701e+01 1.458460059721953028e+00 6.076007927131169708e+03
4.881632653061224119e+02 6.281545255054901844e+01 1.547630259845853118e+00 6.077365938932198333e+03
5.001020408163265074e+02 6.818947367447005092e+01 1.639927038603026688e+00 6.078627388744847849e+03
5.120408163265306030e+02 7.388120546379647635e+01 1.735382471709006502e+00 6.079834112096665194e+03
5.239795918367346985e+02 7.990146681623645009e+01 1.834028984157710651e+00 6.081022506537177833e+03
5.359183673469387941e+02 8.626122315589239520e+01 1.935899399975020030e+00 6.082224266449949937e+03
5.478571428571428896e+02 9.297159052680784441e+01 2.041026988607308024e+00 6.083467004579928471e+03
5.597959183673469852e+02 1.000438398158749607e+02 2.149445508153312812e+00 6.084774779804836726e+03
5.717346938775510807e+02 1.074894010925419110e+02 2.261189245636541223e+00 6.086168546972330660e+03
5.836734693877550626e+02 1.153198680537717848e+02 2.376293054503966662e+00 6.087666541683138348e+03
5.956122448979591582e+02 1.235470025636178377e+02 2.494792389525459786e+00 6.089284610554372193e+03
6.075510204081632537e+02 1.321827392776019394e+02 2.616723339257224445e+00 6.091036495615058811e+03
6.194897959183673493e+02 1.412391903428274702e+02 2.742122656221794852e+00 6.092934079973638291e+03
6.314285714285714448e+02 1.507286501654246820e+02 2.871027784946778905e+00 6.094987600668537198e+03
6.433673469387755404e+02 1.606636002375281862e+02 3.003476887994667610e+00 6.097205833618238103e+03
6.553061224489795222e+02 1.710567140165270814e+02 3.139508870106672234e+00 6.099596254773292458e+03
6.672448979591836178e+02 1.819208618498118994e+02 3.279163400574661047e+00 6.102165180907351896e+03
6.791836734693877133e+02 1.932691159386752418e+02 3.422480933946924875e+00 6.104917892933706753e+03
6.911224489795918089e+02 2.051147553354093134e+02 3.569502729165538124e+00 6.107858744184661191e+03
7.030612244897959044e+02 2.174712709679866691e+02 3.720270867225758948e+00 6.110991255711473059e+03
7.150000000000000000e+02 2.303523706870118417e+02 3.874828267440829865e+00 6.114318200354406144e+03
7.269387755102040956e+02 2.437719843298997944e+02 4.033218702389057775e+00 6.117841677069489378e+03
7.388775510204081911e+02 2.577442687974697151e+02 4.195486811613914568e+00 6.121563176781404763e+03
7.508163265306122867e+02 2.722836131383417637e+02 4.361678114142033991e+00 6.125483640849590302e+03
7.627551020408162685e+02 2.874046436367014508e+02 4.531839019878727726e+00 6.129603513078240212e+03
7.746938775510203641e+02 3.031222288991388609e+02 4.706016839935420748e+00 6.133922786074341275e+03
7.866326530612244596e+02 3.194514849363915232e+02 4.884259795938749704e+00 6.138441042641934473e+03
7.985714285714285552e+02 3.364077802359227576e+02 5.066617028366581010e+00 6.143157492814585567e+03
8.105102040816326507e+02 3.540067408213380418e+02 5.253138603951986063e+00 6.148071007040096447e+03
8.224489795918367463e+02 3.722642552947054355e+02 5.443875522192357153e+00 6.153180145969905425e+03
8.343877551020408418e+02 3.911964798578811155e+02 5.638879720997074685e+00 6.158483187243458815e+03
8.463265306122448237e+02 4.108198433089664263e+02 5.838204081503742593e+00 6.163978149609407410e+03
8.582653061224489193e+02 4.311510520100284225e+02 6.041902432089773178e+00 6.169662814682174940e+03
8.702040816326530148e+02 4.522070948222037146e+02 6.250029551602938938e+00 6.175534746593970340e+03
8.821428571428571104e+02 4.740052480042888305e+02 6.462641171831752018e+00 6.181591309774259571e+03
8.940816326530612059e+02 4.965630800708815968e+02 6.679793979233826562e+00 6.187829685054777656e+03
9.060204081632653015e+02 5.198984566060889847e+02 6.901545615937715539e+00 6.194246884280233644e+03
9.179591836734693970e+02 5.440295450287609356e+02 7.127954680031481693e+00 6.200839763580181170e+03
9.298979591836734926e+02 5.689748193051408407e+02 7.359080725148910318e+00 6.207605035440297797e+03
9.418367346938775881e+02 5.947530646047370055e+02 7.594984259362135504e+00 6.214539279696182348e+03
9.537755102040815700e+02 6.213833818951426338e+02 7.835726743387565918e+00 6.221638953557529021e+03
9.657142857142856656e+02 6.488851924714191455e+02 8.081370588109926700e+00 6.228900400760117918e+03
9.776530612244897611e+02 6.772782424155673198e+02 8.331979151427640673e+00 6.236319859929673839e+03
9.895918367346938567e+02 7.065826069814846733e+02 8.587616734420937092e+00 6.243893472236522939e+03
1.001530612244897952e+03 7.368186949006939130e+02 8.848348576842591129e+00 6.251617288406821899e+03
1.013469387755102048e+03 7.680097262230151500e+02 9.114270207328845075e+00 6.259973575230920687e+03
1.025408163265306030e+03 8.001733464793297799e+02 9.385407320829777689e+00 6.267766795739240479e+03
1.037346938775510125e+03 8.333311818538638818e+02 9.661830582004759194e+00 6.275753592256631237e+03
1.049285714285714221e+03 8.675051910815724341e+02 9.943611251221176062e+00 6.283920567455992568e+03
1.061224489795918316e+03 9.027176681719718090e+02 1.023082118191603129e+01 6.292255111192585900e+03
1.073163265306122412e+03 9.389912451372551914e+02 1.052353281818162856e+01 6.300745347669871990e+03
1.085102040816326507e+03 9.763488947240447260e+02 1.082181919255096858e+01 6.309380086697463412e+03
1.097040816326530603e+03 1.014813933148153524e+03 1.112575392396074747e+01 6.318148778681992553e+03
1.108979591836734699e+03 1.054410022831786364e+03 1.143541121587236198e+01 6.327041473027609754e+03
1.120918367346938794e+03 1.095161175142628281e+03 1.175086585453327359e+01 6.336048779654665850e+03
1.132857142857142890e+03 1.137091753134304781e+03 1.207219320736285262e+01 6.345161833371967077e+03
1.144795918367346985e+03 1.180226474287734845e+03 1.239946922144861752e+01 6.354372260863252450e+03
1.156734693877551081e+03 1.224590413252910594e+03 1.273277042214001398e+01 6.363672150070837233e+03
1.168673469387755176e+03 1.270209004590679569e+03 1.307217391172844678e+01 6.373054021780262701e+03
1.180612244897959044e+03 1.317108045514117521e+03 1.341775736820318521e+01 6.382510803225450218e+03
1.192551020408163140e+03 1.365313698629114697e+03 1.376959904407409852e+01 6.392035803554463200e+03
1.204489795918367236e+03 1.414852494673802994e+03 1.412777776525283180e+01 6.401622691003372893e+03
1.216428571428571331e+03 1.465751335256502898e+03 1.449237292998519422e+01 6.411265471648192033e+03
1.228367346938775427e+03 1.518037495591855532e+03 1.486346450782808226e+01 6.420958469608798623e+03
1.240306122448979522e+03 1.571738627234843761e+03 1.524113303866498015e+01 6.430696308591985144e+03
1.252244897959183618e+03 1.626882760812420202e+03 1.562545963175483443e+01 6.440473894673865288e+03
1.264183673469387713e+03 1.683498308752486082e+03 1.601652596480956348e+01 6.450286400223965757e+03
1.276122448979591809e+03 1.741614068009952689e+03 1.641441428309591188e+01 6.460129248888813891e+03
1.288061224489795904e+03 1.801259222789680962e+03 1.681920739855805991e+01 6.469998101552482694e+03
1.300000000000000000e+03 1.862463347266061191e+03 1.723098868895751679e+01 6.479888843205757439e+03
