#Temperature Pressure Eddy Wind
2.562E+02 3.181E+02 3.892E+04
2.508E+02 2.961E+02 3.913E+04
2.455E+02 2.752E+02 3.935E+04
2.402E+02 2.553E+02 3.956E+04
2.330E+02 2.364E+02 3.978E+04
2.231E+02 2.183E+02 4.000E+04
2.168E+02 1.444E+02 4.111E+04
2.333E+02 9.642E+01 4.225E+04
2.332E+02 6.535E+01 4.343E+04
2.371E+02 4.444E+01 4.463E+04
2.323E+02 3.021E+01 4.588E+04
2.311E+02 2.043E+01 4.715E+04
2.340E+02 1.385E+01 4.846E+04
2.238E+02 9.326E+00 4.981E+04
2.061E+02 6.120E+00 5.119E+04
1.957E+02 3.903E+00 5.261E+04
1.899E+02 2.444E+00 6.549E+04
1.824E+02 1.505E+00 8.179E+04
1.750E+02 9.086E-01 1.031E+05
1.668E+02 5.362E-01 1.311E+05
1.622E+02 3.102E-01 1.699E+05
1.638E+02 1.786E-01 2.250E+05
1.619E+02 1.028E-01 2.948E+05
1.649E+02 5.934E-02 3.917E+05
1.681E+02 3.460E-02 5.178E+05
1.680E+02 2.029E-02 6.761E+05
1.710E+02 1.195E-02 8.887E+05
1.720E+02 7.087E-03 1.157E+06
1.735E+02 4.220E-03 1.506E+06
1.750E+02 2.525E-03 1.956E+06
1.770E+02 1.519E-03 2.536E+06
1.790E+02 9.194E-04 3.278E+06