220.04	6.336530e-18
220.24	6.490636e-18
220.43	6.643957e-18
220.63	6.796096e-18
220.82	6.946633e-18
221.02	7.095135e-18
221.22	7.241159e-18
221.42	7.384271e-18
221.61	7.524053e-18
221.81	7.660136e-18
222.01	7.792211e-18
222.21	7.920066e-18
222.41	8.043605e-18
222.61	8.162876e-18
222.81	8.278089e-18
223.01	8.389637e-18
223.21	8.498102e-18
223.41	8.604258e-18
223.61	8.709067e-18
223.81	8.813660e-18
224.02	8.919312e-18
224.22	9.027416e-18
224.42	9.139438e-18
224.63	9.256875e-18
224.83	9.381207e-18
225.03	9.513848e-18
225.24	9.656094e-18
225.44	9.809080e-18
225.65	9.973735e-18
225.85	1.015074e-17
226.06	1.034052e-17
226.27	1.054318e-17
226.47	1.075855e-17
226.68	1.098612e-17
226.89	1.122513e-17
227.09	1.147452e-17
227.30	1.173300e-17
227.51	1.199909e-17
227.72	1.227117e-17
227.93	1.254754e-17
228.14	1.282649e-17
228.35	1.310634e-17
228.56	1.338554e-17
228.77	1.366271e-17
228.98	1.393667e-17
229.19	1.420650e-17
229.40	1.447155e-17
229.62	1.473145e-17
229.83	1.498610e-17
230.04	1.523561e-17
230.26	1.548032e-17
230.47	1.572069e-17
230.69	1.595727e-17
230.90	1.619066e-17
231.12	1.642138e-17
231.33	1.664988e-17
231.55	1.687646e-17
231.76	1.710123e-17
231.98	1.732409e-17
232.20	1.754475e-17
232.42	1.776268e-17
232.63	1.797715e-17
232.85	1.818730e-17
233.07	1.839209e-17
233.29	1.859044e-17
233.51	1.878123e-17
233.73	1.896334e-17
233.95	1.913574e-17
234.17	1.929751e-17
234.39	1.944787e-17
234.61	1.958627e-17
234.84	1.971231e-17
235.06	1.982586e-17
235.28	1.992698e-17
235.51	2.001595e-17
235.73	2.009325e-17
235.95	2.015950e-17
236.18	2.021544e-17
236.40	2.026194e-17
236.63	2.029985e-17
236.86	2.033006e-17
237.08	2.035341e-17
237.31	2.037064e-17
237.54	2.038239e-17
237.76	2.038916e-17
237.99	2.039127e-17
238.22	2.038890e-17
238.45	2.038202e-17
238.68	2.037042e-17
238.91	2.035372e-17
239.14	2.033136e-17
239.37	2.030265e-17
239.60	2.026673e-17
239.83	2.022264e-17
240.07	2.016932e-17
240.30	2.010567e-17
240.53	2.003054e-17
240.76	1.994282e-17
241.00	1.984143e-17
241.23	1.972543e-17
241.47	1.959402e-17
241.70	1.944659e-17
241.94	1.928280e-17
242.18	1.910256e-17
242.41	1.890612e-17
242.65	1.869401e-17
242.89	1.846711e-17
243.13	1.822659e-17
243.36	1.797388e-17
243.60	1.771064e-17
243.84	1.743870e-17
244.08	1.715996e-17
244.32	1.687637e-17
244.56	1.658982e-17
244.81	1.630207e-17
245.05	1.601471e-17
245.29	1.572910e-17
245.53	1.544635e-17
245.78	1.516728e-17
246.02	1.489246e-17
246.26	1.462220e-17
246.51	1.435657e-17
246.75	1.409552e-17
247.00	1.383883e-17
247.25	1.358622e-17
247.49	1.333743e-17
247.74	1.309219e-17
247.99	1.285030e-17
248.24	1.261170e-17
248.49	1.237637e-17
248.73	1.214445e-17
248.98	1.191614e-17
249.23	1.169171e-17
249.49	1.147147e-17
249.74	1.125571e-17
249.99	1.104467e-17
250.24	1.083849e-17
250.49	1.063721e-17
250.75	1.044069e-17
251.00	1.024861e-17
251.25	1.006050e-17
251.51	9.875702e-18
251.76	9.693408e-18
252.02	9.512686e-18
252.28	9.332522e-18
252.53	9.151862e-18
252.79	8.969663e-18
253.05	8.784942e-18
253.31	8.596824e-18
253.57	8.404582e-18
253.83	8.207676e-18
254.09	8.005774e-18
254.35	7.798769e-18
254.61	7.586783e-18
254.87	7.370159e-18
255.13	7.149445e-18
255.40	6.925365e-18
255.66	6.698796e-18
255.92	6.470721e-18
256.19	6.242200e-18
256.45	6.014326e-18
256.72	5.788190e-18
256.98	5.564849e-18
257.25	5.345299e-18
257.52	5.130447e-18
257.78	4.921100e-18
258.05	4.717950e-18
258.32	4.521567e-18
258.59	4.332400e-18
258.86	4.150778e-18
259.13	3.976912e-18
259.40	3.810908e-18
259.67	3.652769e-18
259.95	3.502411e-18
260.22	3.359671e-18
260.49	3.224318e-18
260.77	3.096064e-18
261.04	2.974579e-18
261.32	2.859498e-18
261.59	2.750436e-18
261.87	2.646999e-18
262.15	2.548792e-18
262.42	2.455433e-18
262.70	2.366558e-18
262.98	2.281826e-18
263.26	2.200929e-18
263.54	2.123590e-18
263.82	2.049564e-18
264.10	1.978636e-18
264.38	1.910618e-18
264.66	1.845345e-18
264.95	1.782668e-18
265.23	1.722449e-18
265.51	1.664553e-18
265.80	1.608848e-18
266.08	1.555202e-18
266.37	1.503477e-18
266.66	1.453531e-18
266.94	1.405224e-18
267.23	1.358413e-18
267.52	1.312965e-18
267.81	1.268754e-18
268.10	1.225667e-18
268.39	1.183613e-18
268.68	1.142518e-18
268.97	1.102334e-18
269.26	1.063037e-18
269.55	1.024626e-18
269.85	9.87122e-19
270.14	9.50567e-19
270.44	9.15017e-19
270.73	8.80539e-19
271.03	8.47207e-19
271.32	8.15095e-19
271.62	7.84275e-19
271.92	7.54811e-19
272.22	7.26754e-19
272.52	7.00142e-19
272.82	6.74996e-19
273.12	6.51318e-19
273.42	6.29093e-19
273.72	6.08287e-19
274.02	5.88852e-19
274.33	5.70722e-19
274.63	5.53823e-19
274.93	5.38069e-19
275.24	5.23370e-19
275.54	5.09633e-19
275.85	4.96765e-19
276.16	4.84673e-19
276.47	4.73273e-19
276.78	4.62484e-19
277.08	4.52234e-19
277.39	4.42459e-19
277.71	4.33102e-19
278.02	4.24114e-19
278.33	4.15455e-19
278.64	4.07088e-19
278.95	3.98983e-19
279.27	3.91116e-19
279.58	3.83464e-19
279.90	3.76008e-19
280.22	3.68734e-19
280.53	3.61629e-19
280.85	3.54683e-19
281.17	3.47890e-19
281.49	3.41250e-19
281.81	3.34764e-19
282.13	3.28439e-19
282.45	3.22286e-19
282.77	3.16323e-19
283.09	3.10567e-19
283.42	3.05043e-19
283.74	2.99775e-19
284.07	2.94790e-19
284.39	2.90112e-19
284.72	2.85767e-19
285.05	2.81777e-19
285.38	2.78160e-19
285.70	2.74931e-19
286.03	2.72098e-19
286.36	2.69669e-19
286.70	2.67643e-19
287.03	2.66016e-19
287.36	2.64781e-19
287.69	2.63927e-19
288.03	2.63439e-19
288.36	2.63300e-19
288.70	2.63493e-19
289.03	2.63995e-19
289.37	2.64785e-19
289.71	2.65839e-19
290.05	2.67131e-19
290.39	2.68634e-19
290.73	2.70321e-19
291.07	2.72164e-19
291.41	2.74134e-19
291.75	2.76201e-19
292.10	2.78338e-19
292.44	2.80516e-19
292.79	2.82709e-19
293.13	2.84893e-19
293.48	2.87043e-19
293.83	2.89140e-19
294.18	2.91165e-19
294.53	2.93102e-19
294.88	2.94936e-19
295.23	2.96655e-19
295.58	2.98246e-19
295.93	2.99700e-19
296.29	3.01007e-19
296.64	3.02156e-19
297.00	3.03140e-19
297.35	3.03948e-19
297.71	3.04571e-19
298.07	3.05002e-19
298.43	3.05230e-19
298.79	3.05250e-19
299.15	3.05057e-19
299.51	3.04645e-19
299.87	3.04016e-19
300.23	3.03171e-19
300.60	3.02117e-19
300.96	3.00863e-19
301.33	2.99423e-19
301.69	2.97818e-19
302.06	2.96067e-19
302.43	2.94199e-19
302.80	2.92240e-19
303.17	2.90224e-19
303.54	2.88181e-19
303.91	2.86144e-19
304.29	2.84144e-19
304.66	2.82209e-19
305.03	2.80363e-19
305.41	2.78625e-19
305.79	2.77008e-19
306.16	2.75521e-19
306.54	2.74160e-19
306.92	2.72920e-19
307.30	2.71784e-19
307.68	2.70732e-19
308.07	2.69736e-19
308.45	2.68765e-19
308.83	2.67783e-19
309.22	2.66755e-19
309.60	2.65643e-19
309.99	2.64413e-19
310.38	2.63032e-19
310.77	2.61472e-19
311.16	2.59711e-19
311.55	2.57731e-19
311.94	2.55522e-19
312.33	2.53081e-19
312.73	2.50411e-19
313.12	2.47520e-19
313.52	2.44424e-19
313.92	2.41140e-19
314.31	2.37692e-19
314.71	2.34105e-19
315.11	2.30404e-19
315.51	2.26617e-19
315.92	2.22768e-19
316.32	2.18880e-19
316.72	2.14975e-19
317.13	2.11068e-19
317.53	2.07175e-19
317.94	2.03303e-19
318.35	1.99459e-19
318.76	1.95645e-19
319.17	1.91859e-19
319.58	1.88097e-19
319.99	1.84355e-19
320.41	1.80624e-19
320.82	1.76899e-19
321.24	1.73172e-19
321.65	1.69437e-19
322.07	1.65690e-19
322.49	1.61928e-19
322.91	1.58151e-19
323.33	1.54360e-19
323.75	1.50559e-19
324.18	1.46754e-19
324.60	1.42951e-19
325.03	1.39158e-19
325.45	1.35382e-19
325.88	1.31633e-19
326.31	1.27917e-19
326.74	1.24242e-19
327.17	1.20612e-19
327.60	1.17032e-19
328.04	1.13504e-19
328.47	1.10030e-19
328.91	1.06608e-19
329.34	1.03237e-19
329.78	9.9915e-20
330.22	9.6640e-20
330.66	9.3408e-20
331.10	9.0217e-20
331.54	8.7066e-20
331.99	8.3954e-20
332.43	8.0883e-20
332.88	7.7854e-20
333.33	7.4871e-20
333.78	7.1941e-20
334.23	6.9069e-20
334.68	6.6264e-20
335.13	6.3535e-20
335.58	6.0890e-20
336.04	5.8338e-20
336.49	5.5887e-20
336.95	5.3546e-20
337.41	5.1319e-20
337.87	4.9211e-20
338.33	4.7223e-20
338.79	4.5356e-20
339.26	4.3606e-20
339.72	4.1970e-20
340.19	4.0441e-20
340.65	3.9009e-20
341.12	3.7666e-20
341.59	3.6400e-20
342.06	3.5200e-20
342.54	3.4055e-20
343.01	3.2953e-20
343.48	3.1884e-20
343.96	3.0838e-20
344.44	2.9807e-20
344.92	2.8783e-20
345.40	2.7761e-20
345.88	2.6737e-20
346.36	2.5708e-20
346.85	2.4673e-20
347.33	2.3632e-20
347.82	2.2585e-20
348.31	2.1536e-20
348.80	2.0487e-20
349.29	1.9441e-20
349.78	1.8403e-20
350.28	1.7376e-20
350.77	1.6365e-20
351.27	1.5374e-20
351.77	1.4407e-20
352.27	1.3469e-20
352.77	1.2564e-20
353.27	1.1696e-20
353.78	1.0866e-20
354.28	1.0077e-20
354.79	9.332e-21
355.30	8.632e-21
355.81	7.977e-21
356.32	7.367e-21
356.83	6.801e-21
357.34	6.278e-21
357.86	5.797e-21
358.38	5.355e-21
358.90	4.950e-21
359.42	4.579e-21
359.94	4.240e-21
360.46	3.931e-21
360.99	3.648e-21
361.51	3.390e-21
362.04	3.154e-21
362.57	2.939e-21
363.10	2.744e-21
363.63	2.567e-21
364.17	2.407e-21
364.70	2.265e-21
365.24	2.139e-21
365.78	2.029e-21
366.32	1.937e-21
366.86	1.860e-21
367.40	1.801e-21
367.95	1.759e-21
368.50	1.734e-21
369.04	1.727e-21
369.59	1.739e-21
370.15	1.769e-21
370.70	1.819e-21
371.25	1.889e-21
371.81	1.979e-21
372.37	2.089e-21
372.93	2.221e-21
373.49	2.375e-21
374.05	2.551e-21
374.62	2.749e-21
375.19	2.971e-21
375.76	3.215e-21
376.33	3.484e-21
376.90	3.777e-21
377.47	4.096e-21
378.05	4.440e-21
378.62	4.810e-21
379.20	5.208e-21
379.78	5.634e-21
380.37	6.088e-21
380.95	6.571e-21
381.54	7.084e-21
382.12	7.629e-21
382.71	8.204e-21
383.31	8.810e-21
383.90	9.447e-21
384.49	1.0116e-20
385.09	1.0815e-20
385.69	1.1545e-20
386.29	1.2303e-20
386.89	1.3088e-20
387.50	1.3900e-20
388.11	1.4736e-20
388.71	1.5594e-20
389.32	1.6472e-20
389.94	1.7368e-20
390.55	1.8280e-20
391.17	1.9205e-20
391.78	2.0140e-20
392.40	2.1082e-20
393.03	2.2030e-20
393.65	2.2980e-20
394.28	2.3930e-20
394.90	2.4876e-20
395.53	2.5818e-20
396.17	2.6751e-20
396.80	2.7673e-20
397.44	2.8583e-20
398.07	2.9478e-20
398.71	3.0357e-20
399.36	3.1218e-20
400.00	3.2060e-20
400.65	3.2881e-20
401.30	3.3683e-20
401.95	3.4463e-20
402.60	3.5223e-20
403.25	3.5963e-20
403.91	3.6682e-20
404.57	3.7382e-20
405.23	3.8062e-20
405.89	3.8722e-20
406.56	3.9362e-20
407.23	3.9981e-20
407.90	4.0577e-20
408.57	4.1149e-20
409.24	4.1694e-20
409.92	4.2209e-20
410.60	4.2692e-20
411.28	4.3137e-20
411.96	4.3542e-20
412.65	4.3902e-20
413.34	4.4214e-20
414.03	4.4475e-20
414.72	4.4680e-20
415.41	4.4829e-20
416.11	4.4919e-20
416.81	4.4950e-20
417.51	4.4922e-20
418.22	4.4834e-20
418.92	4.4690e-20
419.63	4.4490e-20
420.34	4.4238e-20
421.06	4.3936e-20
421.77	4.3587e-20
422.49	4.3195e-20
423.21	4.2764e-20
423.94	4.2296e-20
424.66	4.1794e-20
425.39	4.1260e-20
426.12	4.0699e-20
426.85	4.0110e-20
427.59	3.9498e-20
428.33	3.8863e-20
429.07	3.8207e-20
429.81	3.7533e-20
430.56	3.6841e-20
431.31	3.6134e-20
432.06	3.5414e-20
432.82	3.4682e-20
433.57	3.3940e-20
434.33	3.3191e-20
435.09	3.2436e-20
435.86	3.1676e-20
436.63	3.0915e-20
437.40	3.0152e-20
438.17	2.9389e-20
438.94	2.8627e-20
439.72	2.7867e-20
440.50	2.7108e-20
441.29	2.6352e-20
442.07	2.5597e-20
442.86	2.4844e-20
443.66	2.4093e-20
444.45	2.3344e-20
445.25	2.2596e-20
446.05	2.1850e-20
446.85	2.1107e-20
447.66	2.0366e-20
448.47	1.9629e-20
449.28	1.8896e-20
450.10	1.8169e-20
450.92	1.7448e-20
451.74	1.6736e-20
452.56	1.6033e-20
453.39	1.5340e-20
454.22	1.4660e-20
455.05	1.3992e-20
455.89	1.3339e-20
456.73	1.2701e-20
457.57	1.2079e-20
458.42	1.1474e-20
459.27	1.0887e-20
460.12	1.0318e-20
460.98	9.769e-21
461.83	9.239e-21
462.70	8.730e-21
463.56	8.243e-21
464.43	7.776e-21
465.30	7.332e-21
466.18	6.911e-21
467.05	6.511e-21
467.94	6.135e-21
468.82	5.781e-21
469.71	5.449e-21
470.60	5.138e-21
471.49	4.849e-21
472.39	4.580e-21
473.29	4.330e-21
474.20	4.098e-21
475.11	3.883e-21
476.02	3.683e-21
476.94	3.496e-21
477.85	3.321e-21
478.78	3.158e-21
479.70	3.003e-21
480.63	2.857e-21
481.57	2.719e-21
482.50	2.586e-21
483.44	2.459e-21
484.39	2.337e-21
485.34	2.220e-21
486.29	2.107e-21
487.24	1.998e-21
488.20	1.894e-21
489.17	1.794e-21
490.13	1.698e-21
491.10	1.607e-21
492.08	1.521e-21
493.06	1.439e-21
494.04	1.362e-21
495.03	1.289e-21
496.02	1.221e-21
497.01	1.157e-21
498.01	1.096e-21
499.01	1.039e-21
500.02	9.86e-22
501.03	9.34e-22
502.04	8.85e-22
503.06	8.38e-22
504.08	7.92e-22
505.11	7.48e-22
506.14	7.05e-22
507.18	6.62e-22
508.22	6.20e-22
509.26	5.79e-22
510.31	5.39e-22
511.36	5.00e-22
512.42	4.62e-22
513.48	4.25e-22
514.54	3.90e-22
515.61	3.57e-22
516.69	3.26e-22
517.77	2.97e-22
518.85	2.70e-22
519.94	2.46e-22
521.03	2.24e-22
522.13	2.05e-22
523.23	1.88e-22
524.33	1.73e-22
525.45	1.61e-22
526.56	1.51e-22
527.68	1.42e-22
528.81	1.36e-22
529.94	1.31e-22
531.07	1.27e-22
532.21	1.24e-22
533.36	1.22e-22
534.51	1.20e-22
535.66	1.19e-22
536.82	1.17e-22
537.99	1.16e-22
539.16	1.15e-22
540.33	1.13e-22
541.51	1.11e-22
542.70	1.08e-22
543.89	1.05e-22
545.08	1.01e-22
546.28	9.7e-23
547.49	9.2e-23
548.70	8.7e-23
549.92	8.1e-23