220.03	8.423091e-18
220.22	8.586987e-18
220.42	8.751637e-18
220.62	8.917204e-18
220.81	9.083797e-18
221.01	9.251476e-18
221.21	9.420244e-18
221.40	9.590056e-18
221.60	9.760827e-18
221.80	9.932440e-18
222.00	1.010476e-17
222.20	1.027765e-17
222.40	1.045095e-17
222.60	1.062453e-17
222.80	1.079828e-17
223.00	1.097207e-17
223.20	1.114581e-17
223.40	1.131938e-17
223.60	1.149270e-17
223.80	1.166562e-17
224.00	1.183798e-17
224.21	1.200960e-17
224.41	1.218022e-17
224.61	1.234951e-17
224.82	1.251710e-17
225.02	1.268252e-17
225.23	1.284525e-17
225.43	1.300469e-17
225.64	1.316018e-17
225.84	1.331101e-17
226.05	1.345642e-17
226.25	1.359565e-17
226.46	1.372791e-17
226.67	1.385241e-17
226.87	1.396840e-17
227.08	1.407519e-17
227.29	1.417211e-17
227.50	1.425860e-17
227.71	1.433420e-17
227.92	1.439854e-17
228.13	1.445141e-17
228.34	1.449271e-17
228.55	1.452249e-17
228.76	1.454098e-17
228.97	1.454854e-17
229.18	1.454567e-17
229.39	1.453303e-17
229.60	1.451141e-17
229.82	1.448169e-17
230.03	1.444489e-17
230.24	1.440207e-17
230.46	1.435436e-17
230.67	1.430292e-17
230.89	1.424893e-17
231.10	1.419356e-17
231.32	1.413796e-17
231.53	1.408323e-17
231.75	1.403042e-17
231.97	1.398048e-17
232.18	1.393428e-17
232.40	1.389260e-17
232.62	1.385605e-17
232.84	1.382511e-17
233.06	1.380011e-17
233.28	1.378116e-17
233.50	1.376820e-17
233.72	1.376093e-17
233.94	1.375884e-17
234.16	1.376117e-17
234.38	1.376697e-17
234.60	1.377504e-17
234.82	1.378400e-17
235.05	1.379231e-17
235.27	1.379832e-17
235.49	1.380031e-17
235.72	1.379654e-17
235.94	1.378534e-17
236.16	1.376514e-17
236.39	1.373457e-17
236.62	1.369249e-17
236.84	1.363806e-17
237.07	1.357076e-17
237.29	1.349046e-17
237.52	1.339739e-17
237.75	1.329215e-17
237.98	1.317569e-17
238.21	1.304928e-17
238.44	1.291448e-17
238.67	1.277304e-17
238.90	1.262684e-17
239.13	1.247786e-17
239.36	1.232805e-17
239.59	1.217929e-17
239.82	1.203334e-17
240.05	1.189173e-17
240.28	1.175576e-17
240.52	1.162648e-17
240.75	1.150460e-17
240.98	1.139057e-17
241.22	1.128452e-17
241.45	1.118630e-17
241.69	1.109553e-17
241.93	1.101158e-17
242.16	1.093368e-17
242.40	1.086089e-17
242.64	1.079220e-17
242.87	1.072656e-17
243.11	1.066290e-17
243.35	1.060020e-17
243.59	1.053749e-17
243.83	1.047389e-17
244.07	1.040866e-17
244.31	1.034114e-17
244.55	1.027083e-17
244.79	1.019735e-17
245.03	1.012044e-17
245.28	1.003994e-17
245.52	9.955812e-18
245.76	9.868063e-18
246.01	9.776779e-18
246.25	9.682084e-18
246.49	9.584123e-18
246.74	9.483053e-18
246.99	9.379031e-18
247.23	9.272203e-18
247.48	9.162702e-18
247.73	9.050650e-18
247.97	8.936157e-18
248.22	8.819329e-18
248.47	8.700277e-18
248.72	8.579124e-18
248.97	8.456016e-18
249.22	8.331131e-18
249.47	8.204688e-18
249.72	8.076952e-18
249.97	7.948238e-18
250.23	7.818913e-18
250.48	7.689391e-18
250.73	7.560131e-18
250.99	7.431626e-18
251.24	7.304392e-18
251.49	7.178954e-18
251.75	7.055826e-18
252.01	6.935502e-18
252.26	6.818430e-18
252.52	6.704996e-18
252.78	6.595513e-18
253.03	6.490201e-18
253.29	6.389183e-18
253.55	6.292473e-18
253.81	6.199976e-18
254.07	6.111495e-18
254.33	6.026735e-18
254.59	5.945317e-18
254.85	5.866795e-18
255.12	5.790678e-18
255.38	5.716455e-18
255.64	5.643614e-18
255.91	5.571672e-18
256.17	5.500196e-18
256.44	5.428822e-18
256.70	5.357276e-18
256.97	5.285380e-18
257.23	5.213065e-18
257.50	5.140364e-18
257.77	5.067415e-18
258.04	4.994444e-18
258.31	4.921749e-18
258.58	4.849687e-18
258.85	4.778641e-18
259.12	4.709007e-18
259.39	4.641162e-18
259.66	4.575442e-18
259.93	4.512127e-18
260.20	4.451419e-18
260.48	4.393435e-18
260.75	4.338195e-18
261.02	4.285627e-18
261.30	4.235570e-18
261.58	4.187782e-18
261.85	4.141957e-18
262.13	4.097739e-18
262.41	4.054745e-18
262.68	4.012586e-18
262.96	3.970883e-18
263.24	3.929291e-18
263.52	3.887510e-18
263.80	3.845302e-18
264.08	3.802495e-18
264.36	3.758991e-18
264.65	3.714761e-18
264.93	3.669841e-18
265.21	3.624325e-18
265.50	3.578351e-18
265.78	3.532087e-18
266.07	3.485716e-18
266.35	3.439421e-18
266.64	3.393370e-18
266.93	3.347705e-18
267.21	3.302528e-18
267.50	3.257900e-18
267.79	3.213831e-18
268.08	3.170286e-18
268.37	3.127184e-18
268.66	3.084410e-18
268.95	3.041819e-18
269.24	2.999250e-18
269.54	2.956538e-18
269.83	2.913528e-18
270.12	2.870084e-18
270.42	2.826103e-18
270.71	2.781522e-18
271.01	2.736323e-18
271.31	2.690538e-18
271.60	2.644251e-18
271.90	2.597589e-18
272.20	2.550724e-18
272.50	2.503860e-18
272.80	2.457226e-18
273.10	2.411065e-18
273.40	2.365621e-18
273.70	2.321131e-18
274.00	2.277814e-18
274.31	2.235859e-18
274.61	2.195421e-18
274.92	2.156614e-18
275.22	2.119506e-18
275.53	2.084118e-18
275.83	2.050425e-18
276.14	2.018357e-18
276.45	1.987804e-18
276.76	1.958618e-18
277.07	1.930626e-18
277.38	1.903630e-18
277.69	1.877421e-18
278.00	1.851785e-18
278.31	1.826511e-18
278.62	1.801402e-18
278.94	1.776281e-18
279.25	1.750997e-18
279.56	1.725432e-18
279.88	1.699502e-18
280.20	1.673161e-18
280.51	1.646398e-18
280.83	1.619236e-18
281.15	1.591727e-18
281.47	1.563944e-18
281.79	1.535978e-18
282.11	1.507924e-18
282.43	1.479874e-18
282.75	1.451913e-18
283.08	1.424105e-18
283.40	1.396492e-18
283.72	1.369088e-18
284.05	1.341880e-18
284.37	1.314824e-18
284.70	1.287853e-18
285.03	1.260877e-18
285.36	1.233796e-18
285.68	1.206504e-18
286.01	1.178897e-18
286.34	1.150885e-18
286.68	1.122398e-18
287.01	1.093393e-18
287.34	1.063862e-18
287.67	1.033833e-18
288.01	1.003372e-18
288.34	9.72583e-19	
288.68	9.41604e-19	
289.01	9.10603e-19	
289.35	8.79772e-19	
289.69	8.49319e-19	
290.03	8.19459e-19	
290.37	7.90405e-19	
290.71	7.62363e-19	
291.05	7.35518e-19	
291.39	7.10031e-19	
291.73	6.86031e-19	
292.08	6.63612e-19	
292.42	6.42830e-19	
292.77	6.23700e-19	
293.11	6.06196e-19	
293.46	5.90256e-19	
293.81	5.75784e-19	
294.16	5.62654e-19	
294.51	5.50717e-19	
294.86	5.39808e-19	
295.21	5.29752e-19	
295.56	5.20374e-19	
295.91	5.11501e-19	
296.27	5.02976e-19	
296.62	4.94654e-19	
296.98	4.86416e-19	
297.33	4.78164e-19	
297.69	4.69827e-19	
298.05	4.61359e-19	
298.40	4.52736e-19	
298.76	4.43959e-19	
299.12	4.35041e-19	
299.49	4.26009e-19	
299.85	4.16899e-19	
300.21	4.07747e-19	
300.58	3.98587e-19	
300.94	3.89448e-19	
301.31	3.80347e-19	
301.67	3.71292e-19	
302.04	3.62280e-19	
302.41	3.53293e-19	
302.78	3.44306e-19	
303.15	3.35287e-19	
303.52	3.26199e-19	
303.89	3.17003e-19	
304.26	3.07668e-19	
304.64	2.98167e-19	
305.01	2.88484e-19	
305.39	2.78617e-19	
305.76	2.68579e-19	
306.14	2.58398e-19	
306.52	2.48121e-19	
306.90	2.37805e-19	
307.28	2.27524e-19	
307.66	2.17362e-19	
308.04	2.07406e-19	
308.43	1.97751e-19	
308.81	1.88487e-19	
309.20	1.79704e-19	
309.58	1.71478e-19	
309.97	1.63878e-19	
310.36	1.56955e-19	
310.75	1.50746e-19	
311.14	1.45265e-19	
311.53	1.40513e-19	
311.92	1.36469e-19	
312.31	1.33094e-19	
312.70	1.30333e-19	
313.10	1.28119e-19	
313.50	1.26371e-19	
313.89	1.25003e-19	
314.29	1.23920e-19	
314.69	1.23030e-19	
315.09	1.22238e-19	
315.49	1.21456e-19	
315.89	1.20602e-19	
316.29	1.19604e-19	
316.70	1.18400e-19	
317.10	1.16940e-19	
317.51	1.15186e-19	
317.92	1.13113e-19	
318.32	1.10711e-19	
318.73	1.07978e-19	
319.14	1.04924e-19	
319.56	1.01570e-19	
319.97	9.7943e-20	
320.38	9.4077e-20	
320.80	9.0011e-20	
321.21	8.5785e-20	
321.63	8.1443e-20	
322.05	7.7027e-20	
322.46	7.2578e-20	
322.88	6.8135e-20	
323.30	6.3733e-20	
323.73	5.9404e-20	
324.15	5.5176e-20	
324.57	5.1072e-20	
325.00	4.7113e-20	
325.43	4.3314e-20	
325.85	3.9690e-20	
326.28	3.6249e-20	
326.71	3.3000e-20	
327.14	2.9948e-20	
327.58	2.7096e-20	
328.01	2.4446e-20	
328.44	2.1999e-20	
328.88	1.9754e-20	
329.32	1.7708e-20	
329.75	1.5859e-20	
330.19	1.4200e-20	
330.63	1.2727e-20	
331.07	1.1431e-20	
331.52	1.0303e-20	
331.96	9.336e-21	
332.41	8.516e-21	
332.85	7.835e-21	
333.30	7.279e-21	
333.75	6.837e-21	
334.20	6.497e-21	
334.65	6.247e-21	
335.10	6.075e-21	
335.55	5.971e-21	
336.01	5.925e-21	
336.47	5.928e-21	
336.92	5.971e-21	
337.38	6.046e-21	
337.84	6.147e-21	
338.30	6.268e-21	
338.76	6.404e-21	
339.23	6.552e-21	
339.69	6.708e-21	
340.16	6.868e-21	
340.63	7.031e-21	
341.09	7.196e-21	
341.56	7.360e-21	
342.03	7.523e-21	
342.51	7.683e-21	
342.98	7.842e-21	
343.46	7.998e-21	
343.93	8.151e-21	
344.41	8.302e-21	
344.89	8.451e-21	
345.37	8.597e-21	
345.85	8.742e-21	
346.33	8.885e-21	
346.82	9.026e-21	
347.30	9.165e-21	
347.79	9.303e-21	
348.28	9.439e-21	
348.77	9.572e-21	
349.26	9.702e-21	
349.75	9.828e-21	
350.25	9.950e-21	
350.74	1.0065e-20	
351.24	1.0173e-20	
351.74	1.0272e-20	
352.24	1.0362e-20	
352.74	1.0441e-20	
353.24	1.0508e-20	
353.75	1.0562e-20	
354.25	1.0603e-20	
354.76	1.0630e-20	
355.27	1.0643e-20	
355.78	1.0642e-20	
356.29	1.0627e-20	
356.80	1.0599e-20	
357.31	1.0560e-20	
357.83	1.0510e-20	
358.35	1.0450e-20	
358.86	1.0382e-20	
359.38	1.0307e-20	
359.91	1.0227e-20	
360.43	1.0143e-20	
360.95	1.0057e-20	
361.48	9.970e-21	
362.01	9.884e-21	
362.54	9.799e-21	
363.07	9.717e-21	
363.60	9.638e-21	
364.13	9.564e-21	
364.67	9.494e-21	
365.21	9.428e-21	
365.75	9.367e-21	
366.29	9.311e-21	
366.83	9.258e-21	
367.37	9.209e-21	
367.92	9.161e-21	
368.46	9.113e-21	
369.01	9.065e-21	
369.56	9.014e-21	
370.11	8.960e-21	
370.67	8.899e-21	
371.22	8.832e-21	
371.78	8.756e-21	
372.34	8.670e-21	
372.90	8.573e-21	
373.46	8.465e-21	
374.02	8.345e-21	
374.59	8.212e-21	
375.15	8.069e-21	
375.72	7.914e-21	
376.29	7.750e-21	
376.86	7.577e-21	
377.44	7.396e-21	
378.01	7.210e-21	
378.59	7.021e-21	
379.17	6.829e-21	
379.75	6.636e-21	
380.33	6.445e-21	
380.92	6.257e-21	
381.50	6.073e-21	
382.09	5.893e-21	
382.68	5.720e-21	
383.27	5.554e-21	
383.86	5.395e-21	
384.46	5.243e-21	
385.06	5.099e-21	
385.65	4.962e-21	
386.26	4.832e-21	
386.86	4.708e-21	
387.46	4.590e-21	
388.07	4.478e-21	
388.68	4.370e-21	
389.29	4.266e-21	
389.90	4.165e-21	
390.51	4.066e-21	
391.13	3.969e-21	
391.75	3.873e-21	
392.37	3.779e-21	
392.99	3.685e-21	
393.61	3.592e-21	
394.24	3.499e-21	
394.87	3.406e-21	
395.50	3.314e-21	
396.13	3.223e-21	
396.76	3.132e-21	
397.40	3.043e-21	
398.04	2.954e-21	
398.68	2.868e-21	
399.32	2.782e-21	
399.96	2.699e-21	
400.61	2.618e-21	
401.26	2.538e-21	
401.91	2.461e-21	
402.56	2.386e-21	
403.21	2.313e-21	
403.87	2.243e-21	
404.53	2.174e-21	
405.19	2.108e-21	
405.85	2.044e-21	
406.52	1.981e-21	
407.19	1.921e-21	
407.86	1.863e-21	
408.53	1.807e-21	
409.20	1.753e-21	
409.88	1.700e-21	
410.56	1.649e-21	
411.24	1.600e-21	
411.92	1.552e-21	
412.61	1.505e-21	
413.29	1.459e-21	
413.98	1.414e-21	
414.68	1.369e-21	
415.37	1.325e-21	
416.07	1.280e-21	
416.77	1.236e-21	
417.47	1.191e-21	
418.17	1.146e-21	
418.88	1.101e-21	
419.59	1.056e-21	
420.30	1.011e-21	
421.01	9.67e-22	
421.73	9.24e-22	
422.45	8.81e-22	
423.17	8.40e-22	
423.89	8.01e-22	
424.62	7.65e-22	
425.35	7.30e-22	
426.08	6.99e-22	
426.81	6.70e-22	
427.55	6.44e-22	
428.28	6.21e-22	
429.03	6.00e-22	
429.77	5.83e-22	
430.52	5.67e-22	
431.26	5.54e-22	
432.02	5.42e-22	
432.77	5.32e-22	
433.53	5.23e-22	
434.29	5.14e-22	
435.05	5.05e-22	
435.81	4.96e-22	
436.58	4.87e-22	
437.35	4.77e-22	
438.12	4.66e-22	
438.90	4.54e-22	
439.68	4.41e-22	
440.46	4.27e-22	
441.24	4.11e-22	
442.03	3.95e-22	
442.82	3.77e-22	
443.61	3.59e-22	
444.40	3.40e-22	
445.20	3.20e-22	
446.00	3.00e-22	
446.81	2.80e-22	
447.61	2.60e-22	
448.42	2.40e-22	
449.23	2.20e-22	
450.05	2.01e-22	
450.87	1.82e-22	
451.69	1.64e-22	
452.51	1.47e-22	
453.34	1.31e-22	
454.17	1.16e-22	
455.00	1.02e-22	
455.84	8.9e-23	
456.68	7.7e-23	
457.52	6.6e-23	
458.37	5.7e-23	
459.22	4.8e-23	
460.07	4.1e-23	
460.92	3.4e-23	
461.78	2.8e-23	
462.64	2.3e-23	
463.51	1.9e-23	
464.38	1.5e-23	
465.25	1.2e-23	
466.12	1.0e-23	
467.00	8.0e-24	
467.88	6.0e-24	
468.77	5.0e-24	
469.65	4.0e-24	
470.55	3.0e-24	
471.44	2.0e-24	
472.34	2.0e-24	
473.24	1.0e-24	