244.97	1.535314e-18
245.22	1.521550e-18
245.46	1.507812e-18
245.70	1.494017e-18
245.95	1.480091e-18
246.19	1.465968e-18
246.44	1.451594e-18
246.68	1.436929e-18
246.93	1.421946e-18
247.17	1.406630e-18
247.42	1.390978e-18
247.67	1.374992e-18
247.91	1.358682e-18
248.16	1.342056e-18
248.41	1.325123e-18
248.66	1.307887e-18
248.91	1.290349e-18
249.16	1.272500e-18
249.41	1.254325e-18
249.66	1.235806e-18
249.91	1.216914e-18
250.16	1.197618e-18
250.42	1.177884e-18
250.67	1.157677e-18
250.92	1.136959e-18
251.18	1.115700e-18
251.43	1.093870e-18
251.69	1.071446e-18
251.94	1.048415e-18
252.20	1.024774e-18
252.46	1.000531e-18
252.71	9.75708e-19	
252.97	9.50346e-19	
253.23	9.24499e-19	
253.49	8.98240e-19	
253.75	8.71662e-19	
254.01	8.44871e-19	
254.27	8.17991e-19	
254.53	7.91158e-19	
254.79	7.64516e-19	
255.05	7.38215e-19	
255.32	7.12404e-19	
255.58	6.87226e-19	
255.84	6.62813e-19	
256.11	6.39283e-19	
256.37	6.16730e-19	
256.64	5.95227e-19	
256.90	5.74817e-19	
257.17	5.55517e-19	
257.44	5.37313e-19	
257.70	5.20167e-19	
257.97	5.04012e-19	
258.24	4.88764e-19	
258.51	4.74318e-19	
258.78	4.60557e-19	
259.05	4.47358e-19	
259.32	4.34596e-19	
259.59	4.22146e-19	
259.86	4.09893e-19	
260.14	3.97732e-19	
260.41	3.85572e-19	
260.68	3.73341e-19	
260.96	3.60983e-19	
261.23	3.48463e-19	
261.51	3.35765e-19	
261.79	3.22893e-19	
262.06	3.09865e-19	
262.34	2.96717e-19	
262.62	2.83498e-19	
262.90	2.70266e-19	
263.17	2.57087e-19	
263.45	2.44030e-19	
263.73	2.31167e-19	
264.02	2.18568e-19	
264.30	2.06298e-19	
264.58	1.94417e-19	
264.86	1.82977e-19	
265.14	1.72021e-19	
265.43	1.61581e-19	
265.71	1.51680e-19	
266.00	1.42330e-19	
266.28	1.33533e-19	
266.57	1.25284e-19	
266.86	1.17570e-19	
267.14	1.10370e-19	
267.43	1.03662e-19	
267.72	9.7417e-20	
268.01	9.1608e-20	
268.30	8.6206e-20	
268.59	8.1181e-20	
268.88	7.6507e-20	
269.17	7.2158e-20	
269.47	6.8110e-20	
269.76	6.4342e-20	
270.05	6.0835e-20	
270.35	5.7570e-20	
270.64	5.4529e-20	
270.94	5.1697e-20	
271.23	4.9058e-20	
271.53	4.6595e-20	
271.83	4.4294e-20	
272.13	4.2137e-20	
272.43	4.0111e-20	
272.73	3.8199e-20	
273.03	3.6386e-20	
273.33	3.4658e-20	
273.63	3.3003e-20	
273.93	3.1410e-20	
274.23	2.9868e-20	
274.54	2.8371e-20	
274.84	2.6912e-20	
275.15	2.5488e-20	
275.45	2.4097e-20	
275.76	2.2738e-20	
276.07	2.1413e-20	
276.37	2.0123e-20	
276.68	1.8872e-20	
276.99	1.7662e-20	
277.30	1.6496e-20	
277.61	1.5378e-20	
277.92	1.4309e-20	
278.23	1.3291e-20	
278.55	1.2325e-20	
278.86	1.1412e-20	
279.17	1.0550e-20	
279.49	9.740e-21	
279.80	8.980e-21	
280.12	8.266e-21	
280.44	7.598e-21	
280.75	6.972e-21	
281.07	6.386e-21	
281.39	5.838e-21	
281.71	5.325e-21	
282.03	4.844e-21	
282.35	4.394e-21	
282.68	3.974e-21	
283.00	3.580e-21	
283.32	3.214e-21	
283.65	2.873e-21	
283.97	2.556e-21	
284.30	2.263e-21	
284.62	1.993e-21	
284.95	1.746e-21	
285.28	1.520e-21	
285.61	1.315e-21	
285.93	1.131e-21	
286.26	9.66e-22	
286.60	8.19e-22	
286.93	6.89e-22	
287.26	5.76e-22	
287.59	4.78e-22	
287.93	3.93e-22	
288.26	3.21e-22	
288.60	2.60e-22	
288.93	2.09e-22	
289.27	1.66e-22	
289.61	1.31e-22	
289.95	1.03e-22	
290.29	8.0e-23	
290.63	6.1e-23	
290.97	4.7e-23	
291.31	3.5e-23	
291.65	2.6e-23	
292.00	2.0e-23	
292.34	1.4e-23	
292.68	1.0e-23	
293.03	8.0e-24	
293.38	5.0e-24	
293.72	4.0e-24	
294.07	3.0e-24	
294.42	2.0e-24	
294.77	1.0e-24	
295.12	1.0e-24	
295.47	1.0e-24	
295.83	0.00000
296.18	0.00000
296.53	0.00000
296.89	0.00000
297.25	0.00000
297.60	0.00000
297.96	0.00000
298.32	0.00000
298.68	0.00000
299.04	0.00000
299.40	0.00000
299.76	0.00000
300.12	0.00000
300.49	0.00000
300.85	0.00000
301.22	0.00000
301.58	0.00000
301.95	0.00000
302.32	0.00000
302.69	0.00000
303.06	0.00000
303.43	0.00000
303.80	0.00000
304.17	0.00000
304.55	0.00000
304.92	0.00000
305.30	0.00000
305.67	0.00000
306.05	0.00000
306.43	0.00000
306.81	0.00000
307.19	0.00000
307.57	0.00000
307.95	0.00000
308.33	0.00000
308.72	0.00000
309.10	0.00000
309.49	0.00000
309.88	0.00000
310.26	0.00000
310.65	1.0e-24	
311.04	1.0e-24	
311.43	2.0e-24	
311.82	3.0e-24	
312.22	5.0e-24	
312.61	9.0e-24	
313.00	1.4e-23	
313.40	2.1e-23	
313.80	3.3e-23	
314.19	5.0e-23	
314.59	7.6e-23	
314.99	1.14e-22	
315.39	1.69e-22	
315.79	2.48e-22	
316.20	3.62e-22	
316.60	5.22e-22	
317.01	7.47e-22	
317.41	1.057e-21	
317.82	1.482e-21	
318.23	2.059e-21	
318.64	2.833e-21	
319.05	3.861e-21	
319.46	5.213e-21	
319.87	6.972e-21	
320.28	9.237e-21	
320.70	1.2126e-20	
321.11	1.5771e-20	
321.53	2.0324e-20	
321.94	2.5952e-20	
322.36	3.2840e-20	
322.78	4.1184e-20	
323.20	5.1189e-20	
323.63	6.3067e-20	
324.05	7.7027e-20	
324.47	9.3273e-20	
324.90	1.11994e-19	
325.32	1.33361e-19	
325.75	1.57518e-19	
326.18	1.84579e-19	
326.61	2.14624e-19	
327.04	2.47695e-19	
327.47	2.83801e-19	
327.91	3.22918e-19	
328.34	3.64998e-19	
328.77	4.09974e-19	
329.21	4.57775e-19	
329.65	5.08336e-19	
330.09	5.61613e-19	
330.53	6.17595e-19	
330.97	6.76317e-19	
331.41	7.37873e-19	
331.85	8.02418e-19	
332.30	8.70177e-19	
332.75	9.41444e-19	
333.19	1.016579e-18
333.64	1.095998e-18
334.09	1.180167e-18
334.54	1.269587e-18
334.99	1.364782e-18
335.45	1.466288e-18
335.90	1.574641e-18
336.36	1.690370e-18
336.81	1.813993e-18
337.27	1.946018e-18
337.73	2.086945e-18
338.19	2.237275e-18
338.65	2.397523e-18
339.12	2.568227e-18
339.58	2.749960e-18
340.05	2.943342e-18
340.51	3.149047e-18
340.98	3.367802e-18
341.45	3.600385e-18
341.92	3.847617e-18
342.39	4.110342e-18
342.87	4.389406e-18
343.34	4.685631e-18
343.82	4.999788e-18
344.30	5.332567e-18
344.77	5.684547e-18
345.25	6.056177e-18
345.74	6.447761e-18
346.22	6.859447e-18
346.70	7.291230e-18
347.19	7.742968e-18
347.67	8.214400e-18
348.16	8.705180e-18
348.65	9.214913e-18
349.14	9.743203e-18
349.64	1.028969e-17
350.13	1.085411e-17
350.62	1.143631e-17
351.12	1.203628e-17
351.62	1.265420e-17
352.12	1.329040e-17
352.62	1.394538e-17
353.12	1.461975e-17
353.62	1.531423e-17
354.13	1.602951e-17
354.64	1.676628e-17
355.14	1.752503e-17
355.65	1.830606e-17
356.16	1.910933e-17
356.68	1.993438e-17
357.19	2.078026e-17
357.71	2.164549e-17
358.22	2.252795e-17
358.74	2.342491e-17
359.26	2.433301e-17
359.78	2.524827e-17
360.30	2.616614e-17
360.83	2.708160e-17
361.35	2.798918e-17
361.88	2.888314e-17
362.41	2.975757e-17
362.94	3.060651e-17
363.47	3.142412e-17
364.01	3.220480e-17
364.54	3.294336e-17
365.08	3.363511e-17
365.62	3.427602e-17
366.16	3.486280e-17
366.70	3.539299e-17
367.24	3.586499e-17
367.79	3.627813e-17
368.33	3.663260e-17
368.88	3.692948e-17
369.43	3.717063e-17
369.98	3.735860e-17
370.53	3.749650e-17
371.09	3.758790e-17
371.64	3.763663e-17
372.20	3.764663e-17
372.76	3.762180e-17
373.32	3.756582e-17
373.89	3.748207e-17
374.45	3.737345e-17
375.02	3.724232e-17
375.58	3.709046e-17
376.15	3.691901e-17
376.73	3.672849e-17
377.30	3.651884e-17
377.87	3.628947e-17
378.45	3.603933e-17
379.03	3.576702e-17
379.61	3.547085e-17
380.19	3.514900e-17
380.78	3.479959e-17
381.36	3.442077e-17
381.95	3.401080e-17
382.54	3.356818e-17
383.13	3.309163e-17
383.72	3.258024e-17
384.32	3.203344e-17
384.91	3.145106e-17
385.51	3.083337e-17
386.11	3.018109e-17
386.71	2.949538e-17
387.32	2.877786e-17
387.92	2.803060e-17
388.53	2.725610e-17
389.14	2.645724e-17
389.75	2.563728e-17
390.37	2.479981e-17
390.98	2.394865e-17
391.60	2.308781e-17
392.22	2.222144e-17
392.84	2.135369e-17
393.46	2.048870e-17
394.09	1.963043e-17
394.72	1.878268e-17
395.35	1.794895e-17
395.98	1.713239e-17
396.61	1.633576e-17
397.25	1.556140e-17
397.88	1.481118e-17
398.52	1.408651e-17
399.16	1.338836e-17
399.81	1.271724e-17
400.45	1.207329e-17
401.10	1.145625e-17
401.75	1.086558e-17
402.40	1.030049e-17
403.06	9.759978e-18
403.71	9.242922e-18
404.37	8.748115e-18
405.03	8.274325e-18
405.69	7.820339e-18
406.36	7.385004e-18
407.03	6.967253e-18
407.70	6.566128e-18
408.37	6.180791e-18
409.04	5.810532e-18
409.72	5.454759e-18
410.39	5.112997e-18
411.07	4.784869e-18
411.76	4.470083e-18
412.44	4.168414e-18
413.13	3.879684e-18
413.82	3.603751e-18
414.51	3.340485e-18
415.20	3.089764e-18
415.90	2.851460e-18
416.60	2.625431e-18
417.30	2.411520e-18
418.00	2.209546e-18
418.71	2.019306e-18
419.42	1.840573e-18
420.13	1.673097e-18
420.84	1.516604e-18
421.56	1.370797e-18
422.28	1.235356e-18
423.00	1.109941e-18
423.72	9.94187e-19	
424.44	8.87711e-19	
425.17	7.90110e-19	
425.90	7.00963e-19	
426.63	6.19834e-19	
427.37	5.46274e-19	
428.11	4.79827e-19	
428.85	4.20030e-19	
429.59	3.66421e-19	
430.34	3.18539e-19	
431.08	2.75933e-19	
431.84	2.38165e-19	
432.59	2.04809e-19	
433.34	1.75460e-19	
434.10	1.49733e-19	
434.86	1.27266e-19	
435.63	1.07721e-19	
436.40	9.0785e-20	
437.16	7.6168e-20	
437.94	6.3606e-20	
438.71	5.2855e-20	
439.49	4.3698e-20	
440.27	3.5934e-20	
441.05	2.9386e-20	
441.84	2.3891e-20	
442.63	1.9306e-20	
443.42	1.5504e-20	
444.21	1.2369e-20	
445.01	9.802e-21	
445.81	7.713e-21	
446.61	6.026e-21	
447.42	4.673e-21	
448.23	3.597e-21	
449.04	2.747e-21	
449.85	2.081e-21	
450.67	1.564e-21	
451.49	1.166e-21	
452.32	8.62e-22	
453.14	6.31e-22	
453.97	4.59e-22	
454.80	3.30e-22	
455.64	2.36e-22	
456.48	1.67e-22	
457.32	1.17e-22	
458.17	8.1e-23	
459.01	5.6e-23	
459.86	3.8e-23	
460.72	2.6e-23	
461.58	1.7e-23	
462.44	1.1e-23	
463.30	8.0e-24	
464.17	5.0e-24	
465.04	3.0e-24	
465.91	2.0e-24	
466.79	1.0e-24	
467.67	1.0e-24	
468.55	0.00000
469.44	0.00000
470.33	0.00000
471.23	0.00000
472.12	0.00000
473.02	0.00000
473.93	0.00000
474.84	0.00000
475.75	0.00000
476.66	0.00000
477.58	0.00000
478.50	0.00000
479.43	0.00000
480.35	0.00000
481.29	0.00000
482.22	0.00000