0.0   735.2999879999999   9210000.0   64.7900009
1000.0   727.5   8645000.0   61.5600014
2000.0   720.2000120000001   8108999.5   58.4500008
3000.0   712.400024   7601000.0   55.470001200000006
4000.0   704.599976   7119999.5   52.61999889999999
5000.0   696.7999879999999   6665000.0   49.86999889999999
6000.0   688.7999879999999   6235000.0   47.2400017
7000.0   681.099976   5828000.0   44.7099991
8000.0   673.599976   5444000.0   42.2599983
9000.0   665.7999879999999   5081000.0   39.9500008
10000.0   658.2000120000001   4739000.0   37.720001200000006
11000.0   650.599976   4416000.0   35.5800018
12000.0   643.2000120000001   4112000.0   33.5400009
13000.0   635.5   3825999.75   31.6000004
14000.0   628.099976   3557000.0   29.739999799999996
15000.0   620.7999879999999   3304000.0   27.9500008
16000.0   613.2999879999999   3066000.0   26.2700005
17000.0   605.2000120000001   2843000.0   24.6800003
18000.0   597.099976   2633000.0   23.1800003
19000.0   589.2999879999999   2436000.0   21.739999799999996
20000.0   580.7000120000001   2252000.0   20.389999399999997
21000.0   572.400024   2079000.1200000003   19.110000600000003
22000.0   564.2999879999999   1917000.0   17.8799992
23000.0   556.0   1766000.0   16.7099991
24000.0   547.5   1625000.0   15.619999899999998
25000.0   539.2000120000001   1493000.0   14.569999699999999
26000.0   530.7000120000001   1370000.0   13.5900002
27000.0   522.2999879999999   1256000.0   12.6499996
28000.0   513.7999879999999   1149000.0   11.7700005
29000.0   505.60000600000006   1050000.0   10.930000300000001
30000.0   496.89999399999994   958100.062   10.1499996
31000.0   488.2999879999999   872900.0   9.406000140000002
33000.0   471.4500120000001   721083.3333333334   8.045166971666667
34000.0   463.0833283333333   653650.0   7.4245000716666665
35000.0   454.7666676666667   591550.0   6.840666531666667
36000.0   446.6166686666667   534366.6666666666   6.291333358333333
37000.0   438.24999499999996   481833.3281666667   5.779500005
38000.0   430.28333033333337   433633.3281666667   5.291333356666667
39000.0   422.1333313333333   389516.6666666667   4.847499925
40000.0   414.1166686666667   349133.3333333333   4.42899998
41000.0   406.10000099999996   312283.3333333333   4.0386667266666665
42000.0   398.81666566666667   278750.0   3.670166611666667
43000.0   391.4166666666667   248283.33066666665   3.32916665
44000.0   384.20000200000004   220716.67200000002   3.0148333333333333
45000.0   377.06666566666667   195766.66666666666   2.7236667083333335
46000.0   370.0333403333334   173200.0   2.456166666666667
47000.0   362.8833363333333   152933.33333333334   2.2105000033333333
48000.0   355.8333333333333   134700.0   1.9849999766666668
49000.0   348.0166676666666   118333.33466666668   1.7790000250000002
50000.0   340.0   103643.33466666668   1.6093333366666667
51000.0   331.350001   90463.33333333333   1.4306666833333335
52000.0   322.73333233333335   78698.33333333333   1.277500015
53000.0   312.31666566666667   68184.99935   1.1434999916666666
54000.0   302.21665966666666   58796.666666666664   1.0188333016666666
55000.0   291.649994   50453.33528333334   0.9054000181666667
56000.0   280.7666676666667   43040.0   0.8020999928333333
57000.0   270.0999985   36493.333333333336   0.706583331
58000.0   261.1666691666666   30760.000333333333   0.6156666678333333
59000.0   254.63333883333334   25793.333   0.5292999945
60000.0   250.31666316666667   21555.0   0.44988333183333334
62000.0   244.25000250000002   14935.000166666667   0.3197666653333333
64000.0   239.36666366666668   10270.666666666666   0.22364999866666668
66000.0   237.68333433333336   7025.166829999999   0.15451666716666668
68000.0   236.66666416666666   4791.833333333333   0.10605333363333334
70000.0   234.5666656666667   3259.1666266666666   0.0728700006
72000.0   231.45000449999998   2206.3333733333334   0.05004666681666667
74000.0   227.86666866666667   1485.00004   0.034228332966666664
76000.0   222.36666616666665   991.7999980000001   0.023418333066666668
78000.0   214.5500005   654.7333476666668   0.015996666783333332
80000.0   205.60000100000002   425.449997   0.010836666766666664
82000.0   197.74999749999998   271.71665966666666   0.007191333301666666
84000.0   190.43333683333333   170.63333383333335   0.00468549986
86000.0   183.53333283333336   105.31666566666667   0.0029996666516666666
88000.0   178.48333483333332   64.03999963333335   0.0018735000066666667
90000.0   174.06666566666664   38.450000116666665   0.0011526666716666666
92000.0   171.53333283333336   22.865000066666667   0.0006950500053333333
94000.0   169.93333183333334   13.523333383333332   0.0004146666616666667
96000.0   169.649999   7.979000009999999   0.00024499999816666665
98000.0   169.81666566666667   4.708666805000001   0.00014448333483333333
100000.0   170.66666666666666   2.7838333066666667   8.497499828333335e-05
100000.0   175.0   2.7   8.085e-05
105000.0   165.5   0.7085   2.23e-05
110000.0   158.0   0.179   5.824999999999999e-06
115000.0   156.5   0.044950000000000004   1.425e-06
120000.0   159.0   0.012005   3.5500000000000004e-07
125000.0   163.0   0.003483   9.545e-08
130000.0   166.8   0.0011205000000000002   2.8275e-08
135000.0   171.25   0.0003962   9.13e-09
140000.0   176.2   0.00015340000000000002   3.2215e-09
145000.0   181.7   6.516e-05   1.23095e-09
150000.0   186.95   3.075e-05   5.141e-10
