353.4919813760994 2.9182082376440977e-17
357.8892912571133 3.248088897238739e-17
362.0279358510088 3.615259990110496e-17
366.1665804449043 4.023936908624876e-17
370.3052250387998 4.478811562345967e-17
374.4438696326953 4.918814732283119e-17
379.35851008794623 5.189389623208471e-17
383.75581996896017 5.259327708859661e-17
388.41179513709267 5.402044277534291e-17
393.3264355923435 5.548633588145064e-17
399.5344024831868 5.77600960793568e-17
404.19037765131924 5.402044277534291e-17
407.55302638385933 4.918814732283119e-17
411.9503362648733 4.478811562345967e-17
415.8303155716503 4.1888327777856206e-17
419.71029487842736 3.763408793595323e-17
423.59027418520435 3.4729431515217566e-17
427.21158820486295 2.9575373134104644e-17
429.79824107604765 2.552564613019497e-17
432.6435592343508 2.2030444295987495e-17
435.48887739265393 1.8760992677880013e-17
438.0755302638386 1.6192068244593653e-17
440.9208484221418 1.3789067060798506e-17
444.0248318675634 1.1586532612437631e-17
446.6114847387481 9.606344110857818e-18
449.97413347128816 8.180704351832996e-18
453.0781169167098 7.06052848205111e-18
455.923435075013 5.853853648181812e-18
458.76875323331615 4.9851062445854954e-18
461.6140713916193 4.302500507558408e-18
464.9767201241594 3.519748462594703e-18
468.5980341438179 2.8411121153322865e-18
472.2193481634765 2.3242298245944284e-18
477.1339886187274 1.927008902025215e-18
481.78996378685986 1.685559881858922e-18
485.92860838075535 1.3789067060798506e-18
490.3259182617693 1.206133413370197e-18
494.4645628556648 1.0271358957978926e-18
499.1205380237973 8.864911791602844e-19
503.2591826176928 8.180704351832995e-19
507.91515778582516 7.252122247218163e-19
513.0884635281946 6.6923923692099855e-19
518.7790998448008 6.428942402351014e-19
523.9524055871702 5.853853648181812e-19
528.6083807553027 5.402044277534291e-19
534.0403517847906 4.788864601467441e-19
538.4376616658044 4.478811562346004e-19
544.3869632695292 4.133130041274649e-19
548.7842731505432 3.9176285485563996e-19
552.4055871702018 3.4267602534331515e-19
556.8028970512157 2.918208237644098e-19
561.9762027935851 2.51862082924751e-19
566.1148473874806 2.1448422147561862e-19
570.770822555613 1.802245515249993e-19
575.168132436627 1.57642901108186e-19
578.7894464562855 1.342477379790808e-19
582.9280910501811 1.158653261243763e-19
587.3254009311951 9.478599776522344e-20
591.722710812209 8.180704351832996e-20
595.3440248318676 6.782586620309557e-20
