351.4226590791516 2.060409237844233e-17
355.04397309881017 2.29332241711881e-17
360.21727884117956 2.6571654976781387e-17
365.6492498706674 3.1622776601683796e-17
370.04655975168134 3.663983323912389e-17
374.18520434557684 4.1888327777856206e-17
380.1345059493016 4.600348126200222e-17
386.0838075530264 4.85340475878608e-17
391.2571132953958 5.330208359278522e-17
396.9477496120021 5.853853648181813e-17
402.8970512157269 5.259327708859661e-17
406.51836523538543 4.5391730941265423e-17
410.13967925504403 3.9704269431408256e-17
414.0196585618211 3.4267602534331517e-17
417.6409725814796 2.9575373134104644e-17
421.5209518882566 2.518620829247489e-17
425.6595964821521 2.0881776438063504e-17
428.5049146404553 1.708276393808712e-17
431.6088980858769 1.4163245747710487e-17
434.971546818417 1.1280428091199134e-17
438.0755302638386 9.228184717621268e-18
441.4381789963787 7.349860051412032e-18
445.0594930160373 5.776009607935681e-18
447.90481117434047 4.7251826935868615e-18
450.7501293326436 4.023936908624876e-18
454.1127780651837 3.4729431515217565e-18
457.73409208484225 2.9575373134104644e-18
461.35540610450084 2.5186208292475095e-18
465.49405069839634 2.1163202882234068e-18
468.8566994309364 1.802245515249993e-18
472.99534402483187 1.494233967214398e-18
477.3926539058459 1.289629967131326e-18
481.53129849974135 1.1280428091199135e-18
485.4112778065184 9.735810072368064e-19
489.2912571132954 8.402695092677771e-19
493.68856699430944 7.448915080832315e-19
497.309881013968 6.428942402351014e-19
501.4485256078634 5.776009607935633e-19
506.36316606311436 5.402044277534291e-19
511.0191412312468 5.052291176307534e-19
516.4511122607346 4.600348126200222e-19
521.624418003104 4.2452862273938525e-19
526.7977237454734 3.865532262463199e-19
531.7123642007243 3.5671845749934857e-19
536.1096740817383 3.3362286990965016e-19
540.5069839627522 3.078733469549182e-19
544.6456285566478 2.879402156530598e-19
549.3016037247802 2.729270063740911e-19
553.4402483186757 2.3398393829271615e-19
558.0962234868081 1.952979454137492e-19
562.2348680807036 1.7197492007297064e-19
566.3735126745992 1.504269262359126e-19
570.770822555613 1.2982911390974377e-19
574.6508018623902 1.098241054309202e-19
578.7894464562855 9.290161328596082e-20
582.6694257630627 8.0719180518879e-20
586.5494050698396 6.920162282394453e-20
590.1707190894982 5.93274680278425e-20
593.5333678220384 5.259327708859661e-20
