425.1422659079152 1.3789067060798506e-19
427.21158820486295 1.7546320040251196e-19
429.0222452146922 2.29332241711881e-19
431.35023279875844 2.8411121153322865e-19
433.16088980858774 3.6152599901104954e-19
435.23021210553543 4.5391730941265425e-19
437.29953440248323 5.776009607935633e-19
439.368856699431 7.349860051412031e-19
441.4381789963787 9.478599776522345e-19
443.50750129332647 1.1742685834509239e-18
445.5768235902742 1.5554657942406014e-18
447.38748060010346 1.952979454137492e-18
449.7154681841697 2.419473837052545e-18
454.1127780651837 2.5869658616243723e-18
458.76875323331615 2.766052794917901e-18
463.42472840144853 2.9973964322973603e-18
468.5980341438179 3.078733469549182e-18
472.99534402483187 3.204896091604052e-18
477.1339886187274 3.426760253433152e-18
482.0486290739783 3.713363308484425e-18
485.4112778065184 3.970426943140825e-18
490.84324883600624 4.360485872092677e-18
494.98189342990173 4.788864601467441e-18
499.6378685980342 5.120381568180034e-18
504.0351784790481 4.85340475878608e-18
508.17382307294366 4.6003481262002225e-18
512.3124676668391 4.302500507558408e-18
516.4511122607346 3.970426943140825e-18
521.624418003104 3.763408793595323e-18
526.7977237454734 3.3811914915347483e-18
531.7123642007243 3.120225964953177e-18
535.8510087946198 2.918208237644098e-18
540.2483186756338 2.729270063740911e-18
545.1629591308847 2.552564613019497e-18
550.3362648732541 2.2628260136784695e-18
555.5095706156235 2.1737485350396037e-18
560.9415416451113 2.0604092378442327e-18
566.3735126745992 1.9793000147921992e-18
571.805483704087 1.8511510617540514e-18
