450.7501293326436 4.0781680349430736e-18
455.923435075013 3.763408793595323e-18
460.5794102431454 3.3811914915347483e-18
465.23538541127783 3.120225964953177e-18
469.6326952922918 2.803331251794892e-18
473.7713398861873 2.552564613019497e-18
478.6859803414382 2.452081403786391e-18
484.37661665804455 2.3872998829249967e-18
489.03259182617694 2.3242298245944284e-18
493.9472322814279 2.29332241711881e-18
498.8618727366788 2.2030444295987495e-18
503.5178479048112 2.1163202882234068e-18
508.4324883600621 2.005975301100409e-18
513.347128815313 1.9013837040719834e-18
518.261769270564 1.802245515249993e-18
521.8830832902224 1.7312990591741684e-18
527.0563890325918 1.641029087538175e-18
530.9363683393689 1.4743637729677236e-18
534.8163476461459 1.3605701237915067e-18
539.7309881013969 1.255559242362486e-18
543.3523021210553 1.1432455902426977e-18
546.7149508535955 1.0550081484365481e-18
