# Cross sections for Co
# Converted from earlier Leiden database cross sections by Alan Heays 2016-02-24
# Photoionisation source: Co  PHOTOIONIZATION
# Lines represented with lorentzian of width 0.0005 nm FWHM
# wavelength: (nm)
# photoabsorption:    cross section (cm2)
# photoionisation:    cross section (cm2)
# 
# wavelength   photoabsorption   photoionisation
  91.3000000       1.06862e-20       1.06862e-20
  91.4000000       1.10979e-20       1.10979e-20
  91.5000000       1.16468e-20       1.16468e-20
  91.6000000       1.21958e-20       1.21958e-20
  91.7000000       1.27447e-20       1.27447e-20
  91.8000000       1.32937e-20       1.32937e-20
  91.9000000       1.38426e-20       1.38426e-20
  92.0000000       1.43916e-20       1.43916e-20
  92.1000000       1.49405e-20       1.49405e-20
  92.2000000       1.54895e-20       1.54895e-20
  92.3000000       1.60384e-20       1.60384e-20
  92.4000000       1.65874e-20       1.65874e-20
  92.5000000       1.71363e-20       1.71363e-20
  92.6000000       1.76853e-20       1.76853e-20
  92.7000000       1.82342e-20       1.82342e-20
  92.8000000       1.87832e-20       1.87832e-20
  92.9000000       1.93321e-20       1.93321e-20
  93.0000000       1.98811e-20       1.98811e-20
  93.1000000       2.04300e-20       2.04300e-20
  93.2000000       2.09790e-20       2.09790e-20
  93.3000000       2.15279e-20       2.15279e-20
  93.4000000       2.20769e-20       2.20769e-20
  93.5000000       2.26258e-20       2.26258e-20
  93.6000000       2.31747e-20       2.31747e-20
  93.7000000       2.37237e-20       2.37237e-20
  93.8000000       2.42726e-20       2.42726e-20
  93.9000000       2.48216e-20       2.48216e-20
  94.0000000       2.53705e-20       2.53705e-20
  94.1000000       2.59195e-20       2.59195e-20
  94.2000000       2.64684e-20       2.64684e-20
  94.3000000       2.70174e-20       2.70174e-20
  94.4000000       2.75663e-20       2.75663e-20
  94.5000000       2.81153e-20       2.81153e-20
  94.6000000       2.86642e-20       2.86642e-20
  94.7000000       2.92132e-20       2.92132e-20
  94.8000000       2.97621e-20       2.97621e-20
  94.9000000       3.03111e-20       3.03111e-20
  95.0000000       3.08600e-20       3.08600e-20
  95.1000000       3.14090e-20       3.14090e-20
  95.2000000       3.19579e-20       3.19579e-20
  95.3000000       3.25069e-20       3.25069e-20
  95.4000000       3.30558e-20       3.30558e-20
  95.5000000       3.36048e-20       3.36048e-20
  95.6000000       3.41537e-20       3.41537e-20
  95.7000000       3.47027e-20       3.47027e-20
  95.8000000       3.52516e-20       3.52516e-20
  95.9000000       3.58005e-20       3.58005e-20
  96.0000000       3.63495e-20       3.63495e-20
  96.1000000       3.68984e-20       3.68984e-20
  96.2000000       3.74474e-20       3.74474e-20
  96.3000000       3.79963e-20       3.79963e-20
  96.4000000       3.85453e-20       3.85453e-20
  96.5000000       3.90942e-20       3.90942e-20
  96.6000000       3.96432e-20       3.96432e-20
  96.7000000       4.01921e-20       4.01921e-20
  96.8000000       4.07411e-20       4.07411e-20
  96.9000000       4.12900e-20       4.12900e-20
  97.0000000       4.18390e-20       4.18390e-20
  97.1000000       4.23879e-20       4.23879e-20
  97.2000000       4.29369e-20       4.29369e-20
  97.3000000       4.34858e-20       4.34858e-20
  97.4000000       4.40348e-20       4.40348e-20
  97.5000000       4.45837e-20       4.45837e-20
  97.6000000       4.51327e-20       4.51327e-20
  97.7000000       4.56816e-20       4.56816e-20
  97.8000000       4.62306e-20       4.62306e-20
  97.9000000       4.67795e-20       4.67795e-20
  98.0000000       4.73285e-20       4.73285e-20
  98.1000000       4.78774e-20       4.78774e-20
  98.2000000       4.84263e-20       4.84263e-20
  98.3000000       4.89753e-20       4.89753e-20
  98.4000000       4.95242e-20       4.95242e-20
  98.5000000       5.00732e-20       5.00732e-20
  98.6000000       5.06221e-20       5.06221e-20
  98.7000000       5.11711e-20       5.11711e-20
  98.8000000       5.17200e-20       5.17200e-20
  98.9000000       5.22690e-20       5.22690e-20
  99.0000000       5.28179e-20       5.28179e-20
  99.1000000       5.33669e-20       5.33669e-20
  99.2000000       5.39158e-20       5.39158e-20
  99.3000000       5.44648e-20       5.44648e-20
  99.4000000       5.50137e-20       5.50137e-20
  99.5000000       5.55627e-20       5.55627e-20
  99.6000000       5.61116e-20       5.61116e-20
  99.7000000       5.66606e-20       5.66606e-20
  99.8000000       5.72095e-20       5.72095e-20
  99.9000000       5.77585e-20       5.77585e-20
 100.0000000       5.83074e-20       5.83074e-20
 100.1000000       5.88564e-20       5.88564e-20
 100.2000000       5.94053e-20       5.94053e-20
 100.3000000       5.99543e-20       5.99543e-20
 100.4000000       6.05032e-20       6.05032e-20
 100.5000000       6.10522e-20       6.10522e-20
 100.6000000       6.16011e-20       6.16011e-20
 100.7000000       6.21500e-20       6.21500e-20
 100.8000000       6.26990e-20       6.26990e-20
 100.9000000       6.32479e-20       6.32479e-20
 101.0000000       6.37969e-20       6.37969e-20
 101.1000000       6.43458e-20       6.43458e-20
 101.2000000       6.48948e-20       6.48948e-20
 101.3000000       6.54437e-20       6.54437e-20
 101.4000000       6.59927e-20       6.59927e-20
 101.5000000       6.65416e-20       6.65416e-20
 101.6000000       6.70906e-20       6.70906e-20
 101.7000000       6.76395e-20       6.76395e-20
 101.8000000       6.81885e-20       6.81885e-20
 101.9000000       6.87374e-20       6.87374e-20
 102.0000000       6.92864e-20       6.92864e-20
 102.1000000       6.98353e-20       6.98353e-20
 102.2000000       7.03843e-20       7.03843e-20
 102.3000000       7.09332e-20       7.09332e-20
 102.4000000       7.14822e-20       7.14822e-20
 102.5000000       7.20311e-20       7.20311e-20
 102.6000000       7.25801e-20       7.25801e-20
 102.7000000       7.31290e-20       7.31290e-20
 102.8000000       7.36780e-20       7.36780e-20
 102.9000000       7.42269e-20       7.42269e-20
 103.0000000       7.47758e-20       7.47758e-20
 103.1000000       7.53248e-20       7.53248e-20
 103.2000000       7.58737e-20       7.58737e-20
 103.3000000       7.64227e-20       7.64227e-20
 103.4000000       7.69716e-20       7.69716e-20
 103.5000000       7.75206e-20       7.75206e-20
 103.6000000       7.80695e-20       7.80695e-20
 103.7000000       7.86185e-20       7.86185e-20
 103.8000000       7.91674e-20       7.91674e-20
 103.9000000       7.97164e-20       7.97164e-20
 104.0000000       8.02653e-20       8.02653e-20
 104.1000000       8.08143e-20       8.08143e-20
 104.2000000       8.13632e-20       8.13632e-20
 104.3000000       8.19122e-20       8.19122e-20
 104.4000000       8.24611e-20       8.24611e-20
 104.5000000       8.30101e-20       8.30101e-20
 104.6000000       8.35590e-20       8.35590e-20
 104.7000000       8.41080e-20       8.41080e-20
 104.8000000       8.46569e-20       8.46569e-20
 104.9000000       8.52059e-20       8.52059e-20
 105.0000000       8.57548e-20       8.57548e-20
 105.1000000       8.63038e-20       8.63038e-20
 105.2000000       8.68527e-20       8.68527e-20
 105.3000000       8.74016e-20       8.74016e-20
 105.4000000       8.79506e-20       8.79506e-20
 105.5000000       8.84995e-20       8.84995e-20
 105.6000000       8.90485e-20       8.90485e-20
 105.7000000       8.95974e-20       8.95974e-20
 105.8000000       9.01464e-20       9.01464e-20
 105.9000000       9.06953e-20       9.06953e-20
 106.0000000       9.12443e-20       9.12443e-20
 106.1000000       9.17932e-20       9.17932e-20
 106.2000000       9.23422e-20       9.23422e-20
 106.3000000       9.28911e-20       9.28911e-20
 106.4000000       9.34401e-20       9.34401e-20
 106.5000000       9.39890e-20       9.39890e-20
 106.6000000       9.45380e-20       9.45380e-20
 106.7000000       9.50869e-20       9.50869e-20
 106.8000000       9.56359e-20       9.56359e-20
 106.9000000       9.61848e-20       9.61848e-20
 107.0000000       9.67338e-20       9.67338e-20
 107.1000000       9.72827e-20       9.72827e-20
 107.2000000       9.78317e-20       9.78317e-20
 107.3000000       9.83806e-20       9.83806e-20
 107.4000000       9.89296e-20       9.89296e-20
 107.5000000       9.94785e-20       9.94785e-20
 107.6000000       1.00027e-19       1.00027e-19
 107.7000000       1.00576e-19       1.00576e-19
 107.8000000       1.01125e-19       1.01125e-19
 107.9000000       1.01674e-19       1.01674e-19
 108.0000000       1.02223e-19       1.02223e-19
 108.1000000       1.02772e-19       1.02772e-19
 108.2000000       1.03321e-19       1.03321e-19
 108.3000000       1.03870e-19       1.03870e-19
 108.4000000       1.04419e-19       1.04419e-19
 108.5000000       1.04968e-19       1.04968e-19
 108.6000000       1.05517e-19       1.05517e-19
 108.7000000       1.06066e-19       1.06066e-19
 108.8000000       1.06615e-19       1.06615e-19
 108.9000000       1.07164e-19       1.07164e-19
 109.0000000       1.07713e-19       1.07713e-19
 109.1000000       1.08262e-19       1.08262e-19
 109.2000000       1.08811e-19       1.08811e-19
 109.3000000       1.09360e-19       1.09360e-19
 109.4000000       1.09909e-19       1.09909e-19
 109.5000000       1.10457e-19       1.10457e-19
 109.6000000       1.11006e-19       1.11006e-19
 109.7000000       1.11555e-19       1.11555e-19
 109.8000000       1.12104e-19       1.12104e-19
 109.9000000       1.12653e-19       1.12653e-19
 110.0000000       1.13202e-19       1.13202e-19
 110.1000000       1.13751e-19       1.13751e-19
 110.2000000       1.14300e-19       1.14300e-19
 110.3000000       1.14849e-19       1.14849e-19
 110.4000000       1.15398e-19       1.15398e-19
 110.5000000       1.15947e-19       1.15947e-19
 110.6000000       1.16496e-19       1.16496e-19
 110.7000000       1.17045e-19       1.17045e-19
 110.8000000       1.17594e-19       1.17594e-19
 110.9000000       1.18143e-19       1.18143e-19
 111.0000000       1.18692e-19       1.18692e-19
 111.1000000       1.19241e-19       1.19241e-19
 111.2000000       1.19790e-19       1.19790e-19
 111.3000000       1.20339e-19       1.20339e-19
 111.4000000       1.20887e-19       1.20887e-19
 111.5000000       1.21436e-19       1.21436e-19
 111.6000000       1.21985e-19       1.21985e-19
 111.7000000       1.22534e-19       1.22534e-19
 111.8000000       1.23083e-19       1.23083e-19
 111.9000000       1.23632e-19       1.23632e-19
 112.0000000       1.24181e-19       1.24181e-19
 112.1000000       1.24730e-19       1.24730e-19
 112.2000000       1.25279e-19       1.25279e-19
 112.3000000       1.25828e-19       1.25828e-19
 112.4000000       1.26377e-19       1.26377e-19
 112.5000000       1.26926e-19       1.26926e-19
 112.6000000       1.27475e-19       1.27475e-19
 112.7000000       1.28024e-19       1.28024e-19
 112.8000000       1.28573e-19       1.28573e-19
 112.9000000       1.29122e-19       1.29122e-19
 113.0000000       1.29671e-19       1.29671e-19
 113.1000000       1.30220e-19       1.30220e-19
 113.2000000       1.30769e-19       1.30769e-19
 113.3000000       1.31317e-19       1.31317e-19
 113.4000000       1.31866e-19       1.31866e-19
 113.5000000       1.32415e-19       1.32415e-19
 113.6000000       1.32964e-19       1.32964e-19
 113.7000000       1.33513e-19       1.33513e-19
 113.8000000       1.34062e-19       1.34062e-19
 113.9000000       1.34611e-19       1.34611e-19
 114.0000000       1.35160e-19       1.35160e-19
 114.1000000       1.35709e-19       1.35709e-19
 114.2000000       1.36258e-19       1.36258e-19
 114.3000000       1.36807e-19       1.36807e-19
 114.4000000       1.37356e-19       1.37356e-19
 114.5000000       1.37905e-19       1.37905e-19
 114.6000000       1.38454e-19       1.38454e-19
 114.7000000       1.39003e-19       1.39003e-19
 114.8000000       1.39552e-19       1.39552e-19
 114.9000000       1.40101e-19       1.40101e-19
 115.0000000       1.40650e-19       1.40650e-19
 115.1000000       1.41199e-19       1.41199e-19
 115.2000000       1.41747e-19       1.41747e-19
 115.3000000       1.42296e-19       1.42296e-19
 115.4000000       1.42845e-19       1.42845e-19
 115.5000000       1.43394e-19       1.43394e-19
 115.6000000       1.43943e-19       1.43943e-19
 115.7000000       1.44492e-19       1.44492e-19
 115.8000000       1.45041e-19       1.45041e-19
 115.9000000       1.45590e-19       1.45590e-19
 116.0000000       1.46139e-19       1.46139e-19
 116.1000000       1.46688e-19       1.46688e-19
 116.2000000       1.47237e-19       1.47237e-19
 116.3000000       1.47786e-19       1.47786e-19
 116.4000000       1.48335e-19       1.48335e-19
 116.5000000       1.48884e-19       1.48884e-19
 116.6000000       1.49433e-19       1.49433e-19
 116.7000000       1.49982e-19       1.49982e-19
 116.8000000       1.50531e-19       1.50531e-19
 116.9000000       1.51080e-19       1.51080e-19
 117.0000000       1.51629e-19       1.51629e-19
 117.1000000       1.52177e-19       1.52177e-19
 117.2000000       1.52726e-19       1.52726e-19
 117.3000000       1.53275e-19       1.53275e-19
 117.4000000       1.53824e-19       1.53824e-19
 117.5000000       1.54373e-19       1.54373e-19
 117.6000000       1.54922e-19       1.54922e-19
 117.7000000       1.55471e-19       1.55471e-19
 117.8000000       1.56020e-19       1.56020e-19
 117.9000000       1.56569e-19       1.56569e-19
 118.0000000       1.57118e-19       1.57118e-19
 118.1000000       1.57667e-19       1.57667e-19
 118.2000000       1.58216e-19       1.58216e-19
 118.3000000       1.58765e-19       1.58765e-19
 118.4000000       1.59314e-19       1.59314e-19
 118.5000000       1.59863e-19       1.59863e-19
 118.6000000       1.60412e-19       1.60412e-19
 118.7000000       1.60961e-19       1.60961e-19
 118.8000000       1.61510e-19       1.61510e-19
 118.9000000       1.62059e-19       1.62059e-19
 119.0000000       1.62608e-19       1.62608e-19
 119.1000000       1.63156e-19       1.63156e-19
 119.2000000       1.63705e-19       1.63705e-19
 119.3000000       1.64254e-19       1.64254e-19
 119.4000000       1.64803e-19       1.64803e-19
 119.5000000       1.65352e-19       1.65352e-19
 119.6000000       1.65901e-19       1.65901e-19
 119.7000000       1.66450e-19       1.66450e-19
 119.8000000       1.66999e-19       1.66999e-19
 119.9000000       1.67548e-19       1.67548e-19
 120.0000000       1.68097e-19       1.68097e-19
 120.1000000       1.68646e-19       1.68646e-19
 120.2000000       1.69195e-19       1.69195e-19
 120.3000000       1.69744e-19       1.69744e-19
 120.4000000       1.70293e-19       1.70293e-19
 120.5000000       1.70842e-19       1.70842e-19
 120.6000000       1.71391e-19       1.71391e-19
 120.7000000       1.71940e-19       1.71940e-19
 120.8000000       1.72489e-19       1.72489e-19
 120.9000000       1.73038e-19       1.73038e-19
 121.0000000       1.73586e-19       1.73586e-19
 121.1000000       1.74135e-19       1.74135e-19
 121.2000000       1.74684e-19       1.74684e-19
 121.3000000       1.75233e-19       1.75233e-19
 121.4000000       1.75782e-19       1.75782e-19
 121.5000000       1.76331e-19       1.76331e-19
 121.6000000       1.76880e-19       1.76880e-19
 121.7000000       1.77429e-19       1.77429e-19
 121.8000000       1.77978e-19       1.77978e-19
 121.9000000       1.78527e-19       1.78527e-19
 122.0000000       1.79076e-19       1.79076e-19
 122.1000000       1.79625e-19       1.79625e-19
 122.2000000       1.80174e-19       1.80174e-19
 122.3000000       1.80723e-19       1.80723e-19
 122.4000000       1.81272e-19       1.81272e-19
 122.5000000       1.81821e-19       1.81821e-19
 122.6000000       1.82370e-19       1.82370e-19
 122.7000000       1.82919e-19       1.82919e-19
 122.8000000       1.83468e-19       1.83468e-19
 122.9000000       1.84016e-19       1.84016e-19
 123.0000000       1.84565e-19       1.84565e-19
 123.1000000       1.85114e-19       1.85114e-19
 123.2000000       1.85663e-19       1.85663e-19
 123.3000000       1.86212e-19       1.86212e-19
 123.4000000       1.86761e-19       1.86761e-19
 123.5000000       1.87310e-19       1.87310e-19
 123.6000000       1.87859e-19       1.87859e-19
 123.7000000       1.88408e-19       1.88408e-19
 123.8000000       1.88957e-19       1.88957e-19
 123.9000000       1.89506e-19       1.89506e-19
 124.0000000       1.90382e-19       1.90382e-19
 124.1000000       1.92604e-19       1.92604e-19
 124.2000000       1.94972e-19       1.94972e-19
 124.3000000       1.97339e-19       1.97339e-19
 124.4000000       1.99707e-19       1.99707e-19
 124.5000000       2.02074e-19       2.02074e-19
 124.6000000       2.04442e-19       2.04442e-19
 124.7000000       2.06809e-19       2.06809e-19
 124.8000000       2.09176e-19       2.09176e-19
 124.9000000       2.11544e-19       2.11544e-19
 125.0000000       2.13911e-19       2.13911e-19
 125.1000000       2.16279e-19       2.16279e-19
 125.2000000       2.18646e-19       2.18646e-19
 125.3000000       2.21014e-19       2.21014e-19
 125.4000000       2.23381e-19       2.23381e-19
 125.5000000       2.25749e-19       2.25749e-19
 125.6000000       2.28116e-19       2.28116e-19
 125.7000000       2.30484e-19       2.30484e-19
 125.8000000       2.32851e-19       2.32851e-19
 125.9000000       2.35219e-19       2.35219e-19
 126.0000000       2.37586e-19       2.37586e-19
 126.1000000       2.39954e-19       2.39954e-19
 126.2000000       2.42321e-19       2.42321e-19
 126.3000000       2.44688e-19       2.44688e-19
 126.4000000       2.47056e-19       2.47056e-19
 126.5000000       2.49423e-19       2.49423e-19
 126.6000000       2.51791e-19       2.51791e-19
 126.7000000       2.54158e-19       2.54158e-19
 126.8000000       2.56526e-19       2.56526e-19
 126.9000000       2.58893e-19       2.58893e-19
 127.0000000       2.61261e-19       2.61261e-19
 127.1000000       2.63628e-19       2.63628e-19
 127.2000000       2.65996e-19       2.65996e-19
 127.3000000       2.68363e-19       2.68363e-19
 127.4000000       2.70731e-19       2.70731e-19
 127.5000000       2.73098e-19       2.73098e-19
 127.6000000       2.75466e-19       2.75466e-19
 127.7000000       2.77833e-19       2.77833e-19
 127.8000000       2.80200e-19       2.80200e-19
 127.9000000       2.82568e-19       2.82568e-19
 128.0000000       2.84935e-19       2.84935e-19
 128.1000000       2.87303e-19       2.87303e-19
 128.2000000       2.89670e-19       2.89670e-19
 128.3000000       2.92038e-19       2.92038e-19
 128.4000000       2.94405e-19       2.94405e-19
 128.5000000       2.96773e-19       2.96773e-19
 128.6000000       2.99140e-19       2.99140e-19
 128.7000000       3.01508e-19       3.01508e-19
 128.8000000       3.03875e-19       3.03875e-19
 128.9000000       3.06243e-19       3.06243e-19
 129.0000000       3.08610e-19       3.08610e-19
 129.1000000       3.10977e-19       3.10977e-19
 129.2000000       3.13345e-19       3.13345e-19
 129.3000000       3.15712e-19       3.15712e-19
 129.4000000       3.18080e-19       3.18080e-19
 129.5000000       3.20447e-19       3.20447e-19
 129.6000000       3.22815e-19       3.22815e-19
 129.7000000       3.25182e-19       3.25182e-19
 129.8000000       3.27550e-19       3.27550e-19
 129.9000000       3.29917e-19       3.29917e-19
 130.0000000       3.32285e-19       3.32285e-19
 130.1000000       3.34652e-19       3.34652e-19
 130.2000000       3.37020e-19       3.37020e-19
 130.3000000       3.39387e-19       3.39387e-19
 130.4000000       3.41755e-19       3.41755e-19
 130.5000000       3.44122e-19       3.44122e-19
 130.6000000       3.46489e-19       3.46489e-19
 130.7000000       3.48857e-19       3.48857e-19
 130.8000000       3.51224e-19       3.51224e-19
 130.9000000       3.53592e-19       3.53592e-19
 131.0000000       3.55959e-19       3.55959e-19
 131.1000000       3.58327e-19       3.58327e-19
 131.2000000       3.60694e-19       3.60694e-19
 131.3000000       3.63062e-19       3.63062e-19
 131.4000000       3.65429e-19       3.65429e-19
 131.5000000       3.67797e-19       3.67797e-19
 131.6000000       3.70164e-19       3.70164e-19
 131.7000000       3.72532e-19       3.72532e-19
 131.8000000       3.74899e-19       3.74899e-19
 131.9000000       3.77267e-19       3.77267e-19
 132.0000000       3.79634e-19       3.79634e-19
 132.1000000       3.82001e-19       3.82001e-19
 132.2000000       3.84369e-19       3.84369e-19
 132.3000000       3.86736e-19       3.86736e-19
 132.4000000       3.89104e-19       3.89104e-19
 132.5000000       3.91471e-19       3.91471e-19
 132.6000000       3.93839e-19       3.93839e-19
 132.7000000       3.96206e-19       3.96206e-19
 132.8000000       3.98574e-19       3.98574e-19
 132.9000000       4.00941e-19       4.00941e-19
 133.0000000       4.03309e-19       4.03309e-19
 133.1000000       4.05676e-19       4.05676e-19
 133.2000000       4.08044e-19       4.08044e-19
 133.3000000       4.10411e-19       4.10411e-19
 133.4000000       4.12779e-19       4.12779e-19
 133.5000000       4.15146e-19       4.15146e-19
 133.6000000       4.17513e-19       4.17513e-19
 133.7000000       4.19881e-19       4.19881e-19
 133.8000000       4.22248e-19       4.22248e-19
 133.9000000       4.24616e-19       4.24616e-19
 134.0000000       4.26983e-19       4.26983e-19
 134.1000000       4.29351e-19       4.29351e-19
 134.2000000       4.31718e-19       4.31718e-19
 134.3000000       4.34086e-19       4.34086e-19
 134.4000000       4.36453e-19       4.36453e-19
 134.5000000       4.38821e-19       4.38821e-19
 134.6000000       4.41188e-19       4.41188e-19
 134.7000000       4.43556e-19       4.43556e-19
 134.8000000       4.45923e-19       4.45923e-19
 134.9000000       4.48290e-19       4.48290e-19
 135.0000000       4.50658e-19       4.50658e-19
 135.1000000       4.53025e-19       4.53025e-19
 135.2000000       4.55393e-19       4.55393e-19
 135.3000000       4.57760e-19       4.57760e-19
 135.4000000       4.60128e-19       4.60128e-19
 135.5000000       4.62495e-19       4.62495e-19
 135.6000000       4.64863e-19       4.64863e-19
 135.7000000       4.67230e-19       4.67230e-19
 135.8000000       4.69598e-19       4.69598e-19
 135.9000000       4.71965e-19       4.71965e-19
 136.0000000       4.74333e-19       4.74333e-19
 136.1000000       4.76700e-19       4.76700e-19
 136.2000000       4.79068e-19       4.79068e-19
 136.3000000       4.81435e-19       4.81435e-19
 136.4000000       4.83802e-19       4.83802e-19
 136.5000000       4.86170e-19       4.86170e-19
 136.6000000       4.88537e-19       4.88537e-19
 136.7000000       4.90905e-19       4.90905e-19
 136.8000000       4.93272e-19       4.93272e-19
 136.9000000       4.95640e-19       4.95640e-19
 137.0000000       4.98007e-19       4.98007e-19
 137.1000000       5.00375e-19       5.00375e-19
 137.2000000       5.02742e-19       5.02742e-19
 137.3000000       5.05110e-19       5.05110e-19
 137.4000000       5.07477e-19       5.07477e-19
 137.5000000       5.09845e-19       5.09845e-19
 137.6000000       5.12212e-19       5.12212e-19
 137.7000000       5.14580e-19       5.14580e-19
 137.8000000       5.17762e-19       5.17762e-19
 137.9000000       5.22130e-19       5.22130e-19
 138.0000000       5.26509e-19       5.26509e-19
 138.1000000       5.30887e-19       5.30887e-19
 138.2000000       5.35266e-19       5.35266e-19
 138.3000000       5.39645e-19       5.39645e-19
 138.4000000       5.44023e-19       5.44023e-19
 138.5000000       5.48402e-19       5.48402e-19
 138.6000000       5.52780e-19       5.52780e-19
 138.7000000       5.57159e-19       5.57159e-19
 138.8000000       5.61538e-19       5.61538e-19
 138.9000000       5.65916e-19       5.65916e-19
 139.0000000       5.70295e-19       5.70295e-19
 139.1000000       5.74674e-19       5.74674e-19
 139.2000000       5.79052e-19       5.79052e-19
 139.3000000       5.83431e-19       5.83431e-19
 139.4000000       5.87810e-19       5.87810e-19
 139.5000000       5.92188e-19       5.92188e-19
 139.6000000       5.96567e-19       5.96567e-19
 139.7000000       6.00945e-19       6.00945e-19
 139.8000000       6.05324e-19       6.05324e-19
 139.9000000       6.09703e-19       6.09703e-19
 140.0000000       6.14081e-19       6.14081e-19
 140.1000000       6.18460e-19       6.18460e-19
 140.2000000       6.22839e-19       6.22839e-19
 140.3000000       6.27217e-19       6.27217e-19
 140.4000000       6.31596e-19       6.31596e-19
 140.5000000       6.35974e-19       6.35974e-19
 140.6000000       6.40353e-19       6.40353e-19
 140.7000000       6.44732e-19       6.44732e-19
 140.8000000       6.49110e-19       6.49110e-19
 140.9000000       6.53489e-19       6.53489e-19
 141.0000000       6.57868e-19       6.57868e-19
 141.1000000       6.62246e-19       6.62246e-19
 141.2000000       6.66625e-19       6.66625e-19
 141.3000000       6.71003e-19       6.71003e-19
 141.4000000       6.75382e-19       6.75382e-19
 141.5000000       6.79761e-19       6.79761e-19
 141.6000000       6.84139e-19       6.84139e-19
 141.7000000       6.88518e-19       6.88518e-19
 141.8000000       6.92897e-19       6.92897e-19
 141.9000000       6.97275e-19       6.97275e-19
 142.0000000       7.01654e-19       7.01654e-19
 142.1000000       7.06033e-19       7.06033e-19
 142.2000000       7.10411e-19       7.10411e-19
 142.3000000       7.14790e-19       7.14790e-19
 142.4000000       7.19168e-19       7.19168e-19
 142.5000000       7.23547e-19       7.23547e-19
 142.6000000       7.27926e-19       7.27926e-19
 142.7000000       7.32304e-19       7.32304e-19
 142.8000000       7.36683e-19       7.36683e-19
 142.9000000       7.41062e-19       7.41062e-19
 143.0000000       7.45440e-19       7.45440e-19
 143.1000000       7.49819e-19       7.49819e-19
 143.2000000       7.54197e-19       7.54197e-19
 143.3000000       7.58576e-19       7.58576e-19
 143.4000000       7.62955e-19       7.62955e-19
 143.5000000       7.67333e-19       7.67333e-19
 143.6000000       7.71712e-19       7.71712e-19
 143.7000000       7.76091e-19       7.76091e-19
 143.8000000       7.80469e-19       7.80469e-19
 143.9000000       7.84848e-19       7.84848e-19
 144.0000000       7.89226e-19       7.89226e-19
 144.1000000       7.93605e-19       7.93605e-19
 144.2000000       7.97984e-19       7.97984e-19
 144.3000000       8.02362e-19       8.02362e-19
 144.4000000       8.06741e-19       8.06741e-19
 144.5000000       8.11120e-19       8.11120e-19
 144.6000000       8.15498e-19       8.15498e-19
 144.7000000       8.19877e-19       8.19877e-19
 144.8000000       8.24256e-19       8.24256e-19
 144.9000000       8.28634e-19       8.28634e-19
 145.0000000       8.33013e-19       8.33013e-19
 145.1000000       8.37391e-19       8.37391e-19
 145.2000000       8.41770e-19       8.41770e-19
 145.3000000       8.46149e-19       8.46149e-19
 145.4000000       8.50527e-19       8.50527e-19
 145.5000000       8.54906e-19       8.54906e-19
 145.6000000       8.59285e-19       8.59285e-19
 145.7000000       8.63663e-19       8.63663e-19
 145.8000000       8.68042e-19       8.68042e-19
 145.9000000       8.72420e-19       8.72420e-19
 146.0000000       8.76799e-19       8.76799e-19
 146.1000000       8.81178e-19       8.81178e-19
 146.2000000       8.85556e-19       8.85556e-19
 146.3000000       8.89935e-19       8.89935e-19
 146.4000000       8.94314e-19       8.94314e-19
 146.5000000       8.98692e-19       8.98692e-19
 146.6000000       9.03071e-19       9.03071e-19
 146.7000000       9.07449e-19       9.07449e-19
 146.8000000       9.11828e-19       9.11828e-19
 146.9000000       9.16207e-19       9.16207e-19
 147.0000000       9.20585e-19       9.20585e-19
 147.1000000       9.24964e-19       9.24964e-19
 147.2000000       9.29343e-19       9.29343e-19
 147.3000000       9.33721e-19       9.33721e-19
 147.4000000       9.38100e-19       9.38100e-19
 147.5000000       9.42479e-19       9.42479e-19
 147.6000000       9.46857e-19       9.46857e-19
 147.7000000       9.51236e-19       9.51236e-19
 147.8000000       9.55614e-19       9.55614e-19
 147.9000000       9.59993e-19       9.59993e-19
 148.0000000       9.64372e-19       9.64372e-19
 148.1000000       9.68750e-19       9.68750e-19
 148.2000000       9.73129e-19       9.73129e-19
 148.3000000       9.77508e-19       9.77508e-19
 148.4000000       9.81886e-19       9.81886e-19
 148.5000000       9.86265e-19       9.86265e-19
 148.6000000       9.90643e-19       9.90643e-19
 148.7000000       9.95022e-19       9.95022e-19
 148.8000000       9.99401e-19       9.99401e-19
 148.9000000       1.00378e-18       1.00378e-18
 149.0000000       1.00816e-18       1.00816e-18
 149.1000000       1.01254e-18       1.01254e-18
 149.2000000       1.01692e-18       1.01692e-18
 149.3000000       1.02129e-18       1.02129e-18
 149.4000000       1.02567e-18       1.02567e-18
 149.5000000       1.03005e-18       1.03005e-18
 149.6000000       1.03443e-18       1.03443e-18
 149.7000000       1.03881e-18       1.03881e-18
 149.8000000       1.04319e-18       1.04319e-18
 149.9000000       1.04757e-18       1.04757e-18
 150.0000000       1.05194e-18       1.05194e-18
 150.1000000       1.05632e-18       1.05632e-18
 150.2000000       1.06070e-18       1.06070e-18
 150.3000000       1.06508e-18       1.06508e-18
 150.4000000       1.06946e-18       1.06946e-18
 150.5000000       1.07384e-18       1.07384e-18
 150.6000000       1.07822e-18       1.07822e-18
 150.7000000       1.08259e-18       1.08259e-18
 150.8000000       1.08697e-18       1.08697e-18
 150.9000000       1.09135e-18       1.09135e-18
 151.0000000       1.09573e-18       1.09573e-18
 151.1000000       1.10011e-18       1.10011e-18
 151.2000000       1.10449e-18       1.10449e-18
 151.3000000       1.10887e-18       1.10887e-18
 151.4000000       1.11325e-18       1.11325e-18
 151.5000000       1.11762e-18       1.11762e-18
 151.6000000       1.12200e-18       1.12200e-18
 151.7000000       1.12638e-18       1.12638e-18
 151.8000000       1.13076e-18       1.13076e-18
 151.9000000       1.13514e-18       1.13514e-18
 152.0000000       1.13952e-18       1.13952e-18
 152.1000000       1.14390e-18       1.14390e-18
 152.2000000       1.14827e-18       1.14827e-18
 152.3000000       1.15265e-18       1.15265e-18
 152.4000000       1.15703e-18       1.15703e-18
 152.5000000       1.16141e-18       1.16141e-18
 152.6000000       1.16579e-18       1.16579e-18
 152.7000000       1.17017e-18       1.17017e-18
 152.8000000       1.17455e-18       1.17455e-18
 152.9000000       1.17892e-18       1.17892e-18
 153.0000000       1.18330e-18       1.18330e-18
 153.1000000       1.18768e-18       1.18768e-18
 153.2000000       1.19206e-18       1.19206e-18
 153.3000000       1.19644e-18       1.19644e-18
 153.4000000       1.20082e-18       1.20082e-18
 153.5000000       1.20520e-18       1.20520e-18
 153.6000000       1.20957e-18       1.20957e-18
 153.7000000       1.21395e-18       1.21395e-18
 153.8000000       1.21833e-18       1.21833e-18
 153.9000000       1.22271e-18       1.22271e-18
 154.0000000       1.22709e-18       1.22709e-18
 154.1000000       1.23147e-18       1.23147e-18
 154.2000000       1.23585e-18       1.23585e-18
 154.3000000       1.24023e-18       1.24023e-18
 154.4000000       1.24460e-18       1.24460e-18
 154.5000000       1.24898e-18       1.24898e-18
 154.6000000       1.25336e-18       1.25336e-18
 154.7000000       1.25774e-18       1.25774e-18
 154.8000000       1.26212e-18       1.26212e-18
 154.9000000       1.26650e-18       1.26650e-18
 155.0000000       1.26980e-18       1.26980e-18
 155.1000000       1.27000e-18       1.27000e-18
 155.2000000       1.27000e-18       1.27000e-18
 155.3000000       1.27000e-18       1.27000e-18
 155.4000000       1.27000e-18       1.27000e-18
 155.5000000       1.27000e-18       1.27000e-18
 155.6000000       1.27000e-18       1.27000e-18
 155.7000000       1.27000e-18       1.27000e-18
 155.8000000       1.27000e-18       1.27000e-18
 155.9000000       1.27000e-18       1.27000e-18
 156.0000000       1.27000e-18       1.27000e-18
 156.1000000       1.27000e-18       1.27000e-18
 156.2000000       1.27000e-18       1.27000e-18
 156.3000000       1.27000e-18       1.27000e-18
 156.4000000       1.27000e-18       1.27000e-18
 156.5000000       1.27000e-18       1.27000e-18
 156.6000000       1.27000e-18       1.27000e-18
 156.7000000       1.27000e-18       1.27000e-18
 156.8000000       1.27000e-18       1.27000e-18
 156.9000000       1.27000e-18       1.27000e-18
 157.0000000       1.27000e-18       1.27000e-18
 157.1000000       1.27000e-18       1.27000e-18
 157.2000000       1.27000e-18       1.27000e-18
 157.3000000       1.27000e-18       1.27000e-18
 157.4000000       1.27000e-18       1.27000e-18
 157.5000000       1.27000e-18       1.27000e-18
 157.6000000       1.27000e-18       1.27000e-18
 157.7000000       9.02607e-19       9.02607e-19
 157.8000000       2.26786e-19       2.26786e-19
